1 5 1 1 1 -20099.4 -796451 -9822.1 0.543174 -0.83962 6.12323e-17
1 5 1 2 1 -19231.1 -795890 -9675.1 0.543174 -0.83962 6.12323e-17
1 5 1 3 1 -21082.2 -797087 -9675.1 0.543174 -0.83962 6.12323e-17
1 5 1 4 1 -20099.3 -796452 -7585.1 0.543174 -0.83962 6.12323e-17
1 5 1 5 1 -19231.1 -795890 -6703.1 0.543174 -0.83962 6.12323e-17
1 5 1 6 1 -21082.2 -797087 -6703.1 0.543174 -0.83962 6.12323e-17
1 5 1 7 1 -20099.3 -796452 -5458.1 0.543174 -0.83962 6.12323e-17
1 5 1 8 1 -19231.1 -795890 -3731.1 0.543174 -0.83962 6.12323e-17
1 5 1 9 1 -21082.2 -797087 -3731.1 0.543174 -0.83962 6.12323e-17
1 5 1 10 1 -20099.3 -796452 -2612.1 0.543174 -0.83962 6.12323e-17
1 5 2 1 1 -21620.8 -798154 -9822.7 0.977783 -0.209619 6.12323e-17
1 5 2 2 1 -21904.6 -799479 -9822.7 0.977783 -0.209619 6.12323e-17
1 5 2 3 1 -21620.8 -798154 -7585.7 0.977735 -0.209844 6.12323e-17
1 5 2 4 1 -21904.6 -799479 -7585.7 0.977783 -0.209619 6.12323e-17
1 5 2 5 1 -21620.8 -798154 -5458.7 0.977735 -0.209844 6.12323e-17
1 5 2 6 1 -21904.6 -799479 -5458.7 0.977783 -0.209619 6.12323e-17
1 5 2 7 1 -21620.8 -798154 -2612.7 0.977735 -0.209844 6.12323e-17
1 5 2 8 1 -21904.6 -799479 -2612.7 0.977783 -0.209619 6.12323e-17
1 5 3 1 1 -21106.5 -801824 -9822.1 0.83962 0.543174 6.12323e-17
1 5 3 2 1 -19585.6 -804175 -9822.1 0.83962 0.543174 6.12323e-17
1 5 3 3 1 -18138.9 -806411 -9822.1 0.83962 0.543174 6.12323e-17
1 5 3 4 1 -21851 -800673 -9675.1 0.83962 0.543174 6.12323e-17
1 5 3 5 1 -20384.4 -802940 -9675.1 0.83962 0.543174 6.12323e-17
1 5 3 6 1 -18861 -805295 -9675.1 0.83962 0.543174 6.12323e-17
1 5 3 7 1 -17394.5 -807562 -9675.1 0.83962 0.543174 6.12323e-17
1 5 3 8 1 -21106.3 -801823 -7585.5 0.83962 0.543174 6.12323e-17
1 5 3 9 1 -19585.6 -804175 -7584.8 0.83962 0.543174 6.12323e-17
1 5 3 10 1 -18139.3 -806410 -7584.8 0.83962 0.543174 6.12323e-17
1 5 3 11 1 -21851 -800673 -6703.5 0.83962 0.543174 6.12323e-17
1 5 3 12 1 -20384.4 -802940 -6703.5 0.83962 0.543174 6.12323e-17
1 5 3 13 1 -18861.4 -805294 -6702.8 0.83962 0.543174 6.12323e-17
1 5 3 14 1 -17394.8 -807561 -6702.8 0.83962 0.543174 6.12323e-17
1 5 3 15 1 -21106.3 -801823 -5458.5 0.83962 0.543174 6.12323e-17
1 5 3 16 1 -19585.6 -804175 -5457.8 0.83962 0.543174 6.12323e-17
1 5 3 17 1 -18139.3 -806410 -5457.8 0.83962 0.543174 6.12323e-17
1 5 3 18 1 -21851 -800673 -3731.5 0.83962 0.543174 6.12323e-17
1 5 3 19 1 -20384.4 -802940 -3731.5 0.83962 0.543174 6.12323e-17
1 5 3 20 1 -18861.4 -805294 -3731.2 0.83962 0.543174 6.12323e-17
1 5 3 21 1 -17394.8 -807561 -3731.2 0.83962 0.543174 6.12323e-17
1 5 3 22 1 -21106.3 -801823 -2612.5 0.83962 0.543174 6.12323e-17
1 5 3 23 1 -19585.6 -804175 -2612.2 0.83962 0.543174 6.12323e-17
1 5 3 24 1 -18139.3 -806410 -2612.2 0.83962 0.543174 6.12323e-17
1 5 4 1 1 -16327.4 -808100 -9822.1 0.209844 0.977735 6.12323e-17
1 5 4 2 1 -15002.9 -808384 -9822.1 0.209619 0.977783 6.12323e-17
1 5 4 3 1 -16327.4 -808100 -7585.1 0.209393 0.977832 6.12323e-17
1 5 4 4 1 -15002.9 -808384 -7585.1 0.209619 0.977783 6.12323e-17
1 5 4 5 1 -16327.4 -808100 -5458.1 0.209393 0.977832 6.12323e-17
1 5 4 6 1 -15002.9 -808384 -5458.1 0.209619 0.977783 6.12323e-17
1 5 4 7 1 -16327.4 -808100 -2612.1 0.209393 0.977832 6.12323e-17
1 5 4 8 1 -15002.9 -808384 -2612.1 0.209619 0.977783 6.12323e-17
1 5 5 1 1 -12940.6 -807769 -9822.1 -0.543174 0.83962 6.12323e-17
1 5 5 2 1 -13808.9 -808330 -9675.1 -0.543174 0.83962 6.12323e-17
1 5 5 3 1 -11957.8 -807133 -9675.1 -0.543174 0.83962 6.12323e-17
1 5 5 4 1 -12940.7 -807768 -7585.1 -0.543174 0.83962 6.12323e-17
1 5 5 5 1 -13808.9 -808330 -6703.1 -0.543174 0.83962 6.12323e-17
1 5 5 6 1 -11957.8 -807133 -6703.1 -0.543174 0.83962 6.12323e-17
1 5 5 7 1 -12940.7 -807768 -5458.1 -0.543174 0.83962 6.12323e-17
1 5 5 8 1 -13808.9 -808330 -3731.1 -0.543174 0.83962 6.12323e-17
1 5 5 9 1 -11957.8 -807133 -3731.1 -0.543174 0.83962 6.12323e-17
1 5 5 10 1 -12940.7 -807768 -2612.1 -0.543174 0.83962 6.12323e-17
1 5 6 1 1 -11419.2 -806066 -9822.1 -0.977783 0.209619 6.12323e-17
1 5 6 2 1 -11135.4 -804741 -9822.1 -0.977783 0.209619 6.12323e-17
1 5 6 3 1 -11419.2 -806066 -7585.1 -0.977735 0.209844 6.12323e-17
1 5 6 4 1 -11135.4 -804741 -7585.1 -0.977783 0.209619 6.12323e-17
1 5 6 5 1 -11419.2 -806066 -5458.1 -0.977735 0.209844 6.12323e-17
1 5 6 6 1 -11135.4 -804741 -5458.1 -0.977783 0.209619 6.12323e-17
1 5 6 7 1 -11419.2 -806066 -2602.3 -0.977735 0.209844 6.12323e-17
1 5 6 8 1 -11135.4 -804741 -2612.1 -0.977783 0.209619 6.12323e-17
1 5 7 1 1 -11933.5 -802396 -9822.1 -0.83962 -0.543174 6.12323e-17
1 5 7 2 1 -13454.4 -800045 -9822.1 -0.83962 -0.543174 6.12323e-17
1 5 7 3 1 -14901.1 -797809 -9822.1 -0.83962 -0.543174 6.12323e-17
1 5 7 4 1 -11189 -803547 -9675.1 -0.83962 -0.543174 6.12323e-17
1 5 7 5 1 -12655.6 -801280 -9675.1 -0.83962 -0.543174 6.12323e-17
1 5 7 6 1 -14179 -798925 -9675.1 -0.83962 -0.543174 6.12323e-17
1 5 7 7 1 -15645.5 -796658 -9675.1 -0.83962 -0.543174 6.12323e-17
1 5 7 8 1 -11933.7 -802397 -7585.5 -0.83962 -0.543174 6.12323e-17
1 5 7 9 1 -13454.4 -800045 -7584.8 -0.83962 -0.543174 6.12323e-17
1 5 7 10 1 -14900.7 -797810 -7584.8 -0.83962 -0.543174 6.12323e-17
1 5 7 11 1 -11189 -803547 -6703.5 -0.83962 -0.543174 6.12323e-17
1 5 7 12 1 -12655.6 -801280 -6703.5 -0.83962 -0.543174 6.12323e-17
1 5 7 13 1 -14178.6 -798926 -6702.8 -0.83962 -0.543174 6.12323e-17
1 5 7 14 1 -15645.2 -796659 -6702.8 -0.83962 -0.543174 6.12323e-17
1 5 7 15 1 -11933.7 -802397 -5458.5 -0.83962 -0.543174 6.12323e-17
1 5 7 16 1 -13454.4 -800045 -5457.8 -0.83962 -0.543174 6.12323e-17
1 5 7 17 1 -14900.7 -797810 -5457.8 -0.83962 -0.543174 6.12323e-17
1 5 7 18 1 -11189 -803547 -3731.5 -0.83962 -0.543174 6.12323e-17
1 5 7 19 1 -12655.6 -801280 -3731.5 -0.83962 -0.543174 6.12323e-17
1 5 7 20 1 -14178.6 -798926 -3731.2 -0.83962 -0.543174 6.12323e-17
1 5 7 21 1 -15645.2 -796659 -3731.2 -0.83962 -0.543174 6.12323e-17
1 5 7 22 1 -11933.7 -802397 -2612.5 -0.83962 -0.543174 6.12323e-17
1 5 7 23 1 -13454.4 -800045 -2612.2 -0.83962 -0.543174 6.12323e-17
1 5 7 24 1 -14900.7 -797810 -2612.2 -0.83962 -0.543174 6.12323e-17
1 5 8 1 1 -16712.7 -796120 -9822.4 -0.209619 -0.977783 6.12323e-17
1 5 8 2 1 -18037.2 -795836 -9822.4 -0.209844 -0.977735 6.12323e-17
1 5 8 3 1 -16712.7 -796120 -7585.4 -0.209619 -0.977783 6.12323e-17
1 5 8 4 1 -18037.2 -795836 -7585.4 -0.209844 -0.977735 6.12323e-17
1 5 8 5 1 -16712.7 -796120 -5458.4 -0.209619 -0.977783 6.12323e-17
1 5 8 6 1 -18037.2 -795836 -5458.4 -0.209844 -0.977735 6.12323e-17
1 5 8 7 1 -16712.7 -796120 -2602.6 -0.209619 -0.977783 6.12323e-17
1 5 8 8 1 -18037.2 -795836 -2612.4 -0.209844 -0.977735 6.12323e-17
1 5 9 1 1 -20452.7 -797509 -10797.4 0 0 1
1 5 9 2 1 -21436.6 -798886 -10797.4 0 0 1
1 5 9 3 1 -21211.8 -800381 -10797.4 0 0 1
1 5 9 4 1 -19582.3 -802900 -10797.4 0 0 1
1 5 9 5 1 -18495.1 -804579 -10797.4 0 0 1
1 5 9 6 1 -16865.6 -807098 -10797.4 0 0 1
1 5 9 7 1 -15595.1 -807915 -10797.4 0 0 1
1 5 9 8 1 -13935.7 -807584 -10797.4 0 0 1
1 5 9 9 1 -12587.3 -806711 -10797.4 0 0 1
1 5 9 10 1 -11603.4 -805334 -10797.4 0 0 1
1 5 9 11 1 -11828.2 -803839 -10797.4 0 0 1
1 5 9 12 1 -13457.7 -801320 -10797.4 0 0 1
1 5 9 13 1 -14544.9 -799641 -10797.4 0 0 1
1 5 9 14 1 -16174.4 -797122 -10797.4 0 0 1
1 5 9 15 1 -17444.9 -796305 -10797.4 0 0 1
1 5 9 16 1 -19104.3 -796636 -10797.4 0 0 1
1 5 9 17 1 -17737.6 -801707 -10797.4 0 0 1
1 5 9 18 1 -16650.4 -803385 -10797.4 0 0 1
1 5 9 19 1 -15302.4 -802513 -10797.4 0 0 1
1 5 9 20 1 -16389.6 -800835 -10797.4 0 0 1
1 5 9 21 1 -16520 -802110 -10797.4 0 0 1
1 6 1 1 0 -20321 -796109 -10557.1 -0.543174 0.83962 6.12323e-17
1 6 1 2 0 -20321 -796109 -8458.1 -0.543174 0.83962 6.12323e-17
1 6 1 3 0 -20320.9 -796109 -6128.1 -0.543174 0.83962 6.12323e-17
1 6 1 4 0 -20320.9 -796109 -3156.1 -0.543174 0.83962 6.12323e-17
1 6 2 1 0 -22019.7 -798069 -10557.7 -0.977735 0.209844 6.12323e-17
1 6 2 2 0 -22303.7 -799393 -10557.7 -0.977783 0.209619 6.12323e-17
1 6 2 3 0 -22019.7 -798069 -8458.7 -0.977735 0.209844 6.12323e-17
1 6 2 4 0 -22303.7 -799393 -8458.7 -0.977783 0.209619 6.12323e-17
1 6 2 5 0 -22019.8 -798069 -6128.7 -0.977783 0.209619 6.12323e-17
1 6 2 6 0 -22303.7 -799393 -6128.7 -0.977783 0.209619 6.12323e-17
1 6 2 7 0 -22019.8 -798069 -3156.7 -0.977783 0.209619 6.12323e-17
1 6 2 8 0 -22303.7 -799393 -3156.7 -0.977783 0.209619 6.12323e-17
1 6 3 1 0 -21449.1 -802045 -10557.1 -0.83962 -0.543174 6.12323e-17
1 6 3 2 0 -19928.2 -804396 -10557.1 -0.83962 -0.543174 6.12323e-17
1 6 3 3 0 -18481.5 -806632 -10557.1 -0.83962 -0.543174 6.12323e-17
1 6 3 4 0 -21449.1 -802045 -8458.1 -0.83962 -0.543174 6.12323e-17
1 6 3 5 0 -19928.2 -804396 -8458.1 -0.83962 -0.543174 6.12323e-17
1 6 3 6 0 -18481.5 -806632 -8458.1 -0.83962 -0.543174 6.12323e-17
1 6 3 7 0 -21448.8 -802045 -6128.5 -0.83962 -0.543174 6.12323e-17
1 6 3 8 0 -19928.2 -804396 -6127.8 -0.83962 -0.543174 6.12323e-17
1 6 3 9 0 -18481.8 -806632 -6127.8 -0.83962 -0.543174 6.12323e-17
1 6 3 10 0 -21448.8 -802045 -3156.5 -0.83962 -0.543174 6.12323e-17
1 6 3 11 0 -19928.2 -804396 -3156.2 -0.83962 -0.543174 6.12323e-17
1 6 3 12 0 -18481.8 -806632 -3156.2 -0.83962 -0.543174 6.12323e-17
1 6 4 1 0 -16412.9 -808499 -10557.1 -0.209619 -0.977783 6.12323e-17
1 6 4 2 0 -15088.3 -808783 -10557.1 -0.209619 -0.977783 6.12323e-17
1 6 4 3 0 -16412.9 -808499 -8458.1 -0.209619 -0.977783 6.12323e-17
1 6 4 4 0 -15088.3 -808783 -8458.1 -0.209619 -0.977783 6.12323e-17
1 6 4 5 0 -16412.9 -808499 -6128.1 -0.209619 -0.977783 6.12323e-17
1 6 4 6 0 -15088.3 -808783 -6128.1 -0.209619 -0.977783 6.12323e-17
1 6 4 7 0 -16412.9 -808499 -3156.1 -0.209619 -0.977783 6.12323e-17
1 6 4 8 0 -15088.3 -808783 -3156.1 -0.209619 -0.977783 6.12323e-17
1 6 5 1 0 -12719 -808111 -10557.1 0.543174 -0.83962 6.12323e-17
1 6 5 2 0 -12719 -808111 -8458.1 0.543174 -0.83962 6.12323e-17
1 6 5 3 0 -12719.1 -808111 -6128.1 0.543174 -0.83962 6.12323e-17
1 6 5 4 0 -12719.1 -808111 -3156.1 0.543174 -0.83962 6.12323e-17
1 6 6 1 0 -11020.3 -806151 -10557.1 0.977735 -0.209844 6.12323e-17
1 6 6 2 0 -10736.3 -804827 -10557.1 0.977783 -0.209619 6.12323e-17
1 6 6 3 0 -11020.3 -806151 -8458.1 0.977735 -0.209844 6.12323e-17
1 6 6 4 0 -10736.3 -804827 -8458.1 0.977783 -0.209619 6.12323e-17
1 6 6 5 0 -11020.2 -806151 -6128.1 0.977783 -0.209619 6.12323e-17
1 6 6 6 0 -10736.3 -804827 -6128.1 0.977783 -0.209619 6.12323e-17
1 6 6 7 0 -11020.2 -806151 -3156.1 0.977783 -0.209619 6.12323e-17
1 6 6 8 0 -10736.3 -804827 -3156.1 0.977783 -0.209619 6.12323e-17
1 6 7 1 0 -11590.9 -802175 -10557.1 0.83962 0.543174 6.12323e-17
1 6 7 2 0 -13111.8 -799824 -10557.1 0.83962 0.543174 6.12323e-17
1 6 7 3 0 -14558.5 -797588 -10557.1 0.83962 0.543174 6.12323e-17
1 6 7 4 0 -11590.9 -802175 -8458.1 0.83962 0.543174 6.12323e-17
1 6 7 5 0 -13111.8 -799824 -8458.1 0.83962 0.543174 6.12323e-17
1 6 7 6 0 -14558.5 -797588 -8458.1 0.83962 0.543174 6.12323e-17
1 6 7 7 0 -11591.2 -802175 -6128.5 0.83962 0.543174 6.12323e-17
1 6 7 8 0 -13111.8 -799824 -6127.8 0.83962 0.543174 6.12323e-17
1 6 7 9 0 -14558.2 -797588 -6127.8 0.83962 0.543174 6.12323e-17
1 6 7 10 0 -11591.2 -802175 -3156.5 0.83962 0.543174 6.12323e-17
1 6 7 11 0 -13111.8 -799824 -3156.2 0.83962 0.543174 6.12323e-17
1 6 7 12 0 -14558.2 -797588 -3156.2 0.83962 0.543174 6.12323e-17
1 6 8 1 0 -16627.2 -795721 -10557.4 0.209393 0.977832 6.12323e-17
1 6 8 2 0 -17951.7 -795437 -10557.4 0.209619 0.977783 6.12323e-17
1 6 8 3 0 -16627.2 -795721 -8458.4 0.209393 0.977832 6.12323e-17
1 6 8 4 0 -17951.7 -795437 -8458.4 0.209619 0.977783 6.12323e-17
1 6 8 5 0 -16627.1 -795721 -6128.4 0.209619 0.977783 6.12323e-17
1 6 8 6 0 -17951.7 -795437 -6128.4 0.209619 0.977783 6.12323e-17
1 6 8 7 0 -16627.1 -795721 -3156.4 0.209619 0.977783 6.12323e-17
1 6 8 8 0 -17951.7 -795437 -3156.4 0.209619 0.977783 6.12323e-17
1 6 1 1 1 -19774.3 -795050 -11557.1 0.543174 -0.83962 6.12323e-17
1 6 1 2 1 -21625.4 -796247 -11557.1 0.543174 -0.83962 6.12323e-17
1 6 1 3 1 -19774.3 -795050 -8975.1 0.543174 -0.83962 6.12323e-17
1 6 1 4 1 -21625.4 -796247 -8975.1 0.543174 -0.83962 6.12323e-17
1 6 1 5 1 -19774.3 -795050 -6003.1 0.543174 -0.83962 6.12323e-17
1 6 1 6 1 -21625.4 -796247 -6003.1 0.543174 -0.83962 6.12323e-17
1 6 1 7 1 -19774.3 -795050 -3031.1 0.543174 -0.83962 6.12323e-17
1 6 1 8 1 -21625.4 -796247 -3031.1 0.543174 -0.83962 6.12323e-17
1 6 2 1 1 -22509.4 -797529 -11557.7 0.977783 -0.209619 6.12323e-17
1 6 2 2 1 -22971.6 -799685 -11557.7 0.977783 -0.209619 6.12323e-17
1 6 2 3 1 -22509.4 -797529 -8975.7 0.977783 -0.209619 6.12323e-17
1 6 2 4 1 -22971.6 -799685 -8975.7 0.977783 -0.209619 6.12323e-17
1 6 2 5 1 -22509.4 -797529 -6003.7 0.977783 -0.209619 6.12323e-17
1 6 2 6 1 -22971.6 -799685 -6003.7 0.977783 -0.209619 6.12323e-17
1 6 2 7 1 -22509.4 -797529 -3031.7 0.977783 -0.209619 6.12323e-17
1 6 2 8 1 -22971.6 -799685 -3031.7 0.977783 -0.209619 6.12323e-17
1 6 3 1 1 -22690.6 -801216 -11557.1 0.83962 0.543174 6.12323e-17
1 6 3 2 1 -21224 -803483 -11557.1 0.83962 0.543174 6.12323e-17
1 6 3 3 1 -19700.7 -805838 -11557.1 0.83962 0.543174 6.12323e-17
1 6 3 4 1 -18234.1 -808105 -11557.1 0.83962 0.543174 6.12323e-17
1 6 3 5 1 -22690.6 -801216 -8975.1 0.83962 0.543174 6.12323e-17
1 6 3 6 1 -21224 -803483 -8975.1 0.83962 0.543174 6.12323e-17
1 6 3 7 1 -19700.7 -805838 -8975.1 0.83962 0.543174 6.12323e-17
1 6 3 8 1 -18234.1 -808105 -8975.1 0.83962 0.543174 6.12323e-17
1 6 3 9 1 -22690.6 -801216 -6003.5 0.83962 0.543174 6.12323e-17
1 6 3 10 1 -21224 -803483 -6003.5 0.83962 0.543174 6.12323e-17
1 6 3 11 1 -19701.2 -805837 -6002.8 0.83962 0.543174 6.12323e-17
1 6 3 12 1 -18234.6 -808104 -6002.8 0.83962 0.543174 6.12323e-17
1 6 3 13 1 -22690.6 -801216 -3031.5 0.83962 0.543174 6.12323e-17
1 6 3 14 1 -21224 -803483 -3031.5 0.83962 0.543174 6.12323e-17
1 6 3 15 1 -19701.2 -805837 -3031.2 0.83962 0.543174 6.12323e-17
1 6 3 16 1 -18234.6 -808104 -3031.2 0.83962 0.543174 6.12323e-17
1 6 4 1 1 -16952.5 -808989 -11557.1 0.209619 0.977783 6.12323e-17
1 6 4 2 1 -14797 -809451 -11557.1 0.209393 0.977832 6.12323e-17
1 6 4 3 1 -16952.5 -808989 -8975.1 0.209619 0.977783 6.12323e-17
1 6 4 4 1 -14797 -809451 -8975.1 0.209393 0.977832 6.12323e-17
1 6 4 5 1 -16952.5 -808989 -6003.1 0.209619 0.977783 6.12323e-17
1 6 4 6 1 -14797 -809451 -6003.1 0.209393 0.977832 6.12323e-17
1 6 4 7 1 -16952.5 -808989 -3031.1 0.209619 0.977783 6.12323e-17
1 6 4 8 1 -14797 -809451 -3031.1 0.209393 0.977832 6.12323e-17
1 6 5 1 1 -13265.7 -809170 -11557.1 -0.543174 0.83962 6.12323e-17
1 6 5 2 1 -11414.6 -807973 -11557.1 -0.543174 0.83962 6.12323e-17
1 6 5 3 1 -13265.7 -809170 -8975.1 -0.543174 0.83962 6.12323e-17
1 6 5 4 1 -11414.6 -807973 -8975.1 -0.543174 0.83962 6.12323e-17
1 6 5 5 1 -13265.7 -809170 -6003.1 -0.543174 0.83962 6.12323e-17
1 6 5 6 1 -11414.6 -807973 -6003.1 -0.543174 0.83962 6.12323e-17
1 6 5 7 1 -13265.7 -809170 -3031.1 -0.543174 0.83962 6.12323e-17
1 6 5 8 1 -11414.6 -807973 -3031.1 -0.543174 0.83962 6.12323e-17
1 6 6 1 1 -10530.5 -806691 -11557.1 -0.977783 0.209619 6.12323e-17
1 6 6 2 1 -10068.4 -804535 -11557.1 -0.977832 0.209393 6.12323e-17
1 6 6 3 1 -10530.5 -806691 -8975.1 -0.977783 0.209619 6.12323e-17
1 6 6 4 1 -10068.4 -804535 -8975.1 -0.977832 0.209393 6.12323e-17
1 6 6 5 1 -10530.5 -806691 -6003.1 -0.977783 0.209619 6.12323e-17
1 6 6 6 1 -10068.4 -804535 -6003.1 -0.977832 0.209393 6.12323e-17
1 6 6 7 1 -10530.5 -806691 -3021.3 -0.977783 0.209619 6.12323e-17
1 6 6 8 1 -10068.4 -804535 -3031.1 -0.977832 0.209393 6.12323e-17
1 6 7 1 1 -10349.4 -803004 -11557.1 -0.83962 -0.543174 6.12323e-17
1 6 7 2 1 -11816 -800737 -11557.1 -0.83962 -0.543174 6.12323e-17
1 6 7 3 1 -13339.3 -798382 -11557.1 -0.83962 -0.543174 6.12323e-17
1 6 7 4 1 -14805.9 -796115 -11557.1 -0.83962 -0.543174 6.12323e-17
1 6 7 5 1 -10349.4 -803004 -8975.1 -0.83962 -0.543174 6.12323e-17
1 6 7 6 1 -11816 -800737 -8975.1 -0.83962 -0.543174 6.12323e-17
1 6 7 7 1 -13339.3 -798382 -8975.1 -0.83962 -0.543174 6.12323e-17
1 6 7 8 1 -14805.9 -796115 -8975.1 -0.83962 -0.543174 6.12323e-17
1 6 7 9 1 -10349.4 -803004 -6003.5 -0.83962 -0.543174 6.12323e-17
1 6 7 10 1 -11816 -800737 -6003.5 -0.83962 -0.543174 6.12323e-17
1 6 7 11 1 -13338.8 -798383 -6002.8 -0.83962 -0.543174 6.12323e-17
1 6 7 12 1 -14805.4 -796116 -6002.8 -0.83962 -0.543174 6.12323e-17
1 6 7 13 1 -10349.4 -803004 -3031.5 -0.83962 -0.543174 6.12323e-17
1 6 7 14 1 -11816 -800737 -3031.5 -0.83962 -0.543174 6.12323e-17
1 6 7 15 1 -13338.8 -798383 -3031.2 -0.83962 -0.543174 6.12323e-17
1 6 7 16 1 -14805.4 -796116 -3031.2 -0.83962 -0.543174 6.12323e-17
1 6 8 1 1 -16087.7 -795231 -11557.4 -0.209619 -0.977783 6.12323e-17
1 6 8 2 1 -18243.1 -794769 -11557.4 -0.209619 -0.977783 6.12323e-17
1 6 8 3 1 -16087.7 -795231 -8975.4 -0.209619 -0.977783 6.12323e-17
1 6 8 4 1 -18243.1 -794769 -8975.4 -0.209619 -0.977783 6.12323e-17
1 6 8 5 1 -16087.7 -795231 -6003.4 -0.209619 -0.977783 6.12323e-17
1 6 8 6 1 -18243.1 -794769 -6003.4 -0.209619 -0.977783 6.12323e-17
1 6 8 7 1 -16087.7 -795231 -3021.6 -0.209619 -0.977783 6.12323e-17
1 6 8 8 1 -18243.1 -794769 -3031.4 -0.209619 -0.977783 6.12323e-17
1 6 9 1 1 -20499.6 -795996 -11719.7 0 0 1
1 6 9 2 1 -22107.8 -797566 -11720.3 0 0 1
1 6 9 3 1 -22589.8 -799815 -11720.3 0 0 1
1 6 9 4 1 -21782.8 -801882 -11719.7 0 0 1
1 6 9 5 1 -20114.7 -804460 -11719.7 0 0 1
1 6 9 6 1 -18469.5 -807004 -11719.7 0 0 1
1 6 9 7 1 -16915.1 -808587 -11719.7 0 0 1
1 6 9 8 1 -14666.5 -809069 -11719.7 0 0 1
1 6 9 9 1 -12540.4 -808224 -11719.7 0 0 1
1 6 9 10 1 -10932.3 -806654 -11719.7 0 0 1
1 6 9 11 1 -10450.1 -804405 -11719.7 0 0 1
1 6 9 12 1 -11257.2 -802338 -11719.7 0 0 1
1 6 9 13 1 -12925.3 -799760 -11719.7 0 0 1
1 6 9 14 1 -14570.5 -797216 -11719.7 0 0 1
1 6 9 15 1 -16124.8 -795633 -11720 0 0 1
1 6 9 16 1 -18373.7 -795151 -11720 0 0 1
1 6 9 17 1 -18150.1 -799591 -11719.7 0 0 1
1 6 9 18 1 -18525.1 -802693 -11719.7 0 0 1
1 6 9 19 1 -17873.3 -803700 -11719.7 0 0 1
1 6 9 20 1 -14889.9 -804629 -11719.7 0 0 1
1 6 9 21 1 -14514.9 -801527 -11719.7 0 0 1
1 6 9 22 1 -15166.7 -800520 -11719.7 0 0 1
1 6 9 23 1 -16519.4 -802110 -11719.7 0 0 1
