2 1 0 1 472634 60525.8 -1529 1.02951e-16 6.63222e-17 -1
2 1 0 2 472634 60525.8 -5896 0 0 1
2 1 0 3 473678 61495.3 -1529 1.02951e-16 6.63222e-17 -1
2 1 0 4 473678 61495.3 -5896 0 0 1
2 1 0 5 474266 59405.2 -1529 1.10686e-16 -5.24039e-17 -1
2 1 0 6 474266 59405.2 -5896 0 0 1
2 1 1 1 471613 62538.5 -5462.5 0.305529 -0.952183 6.12323e-17
2 1 1 2 471064 62279.3 -5462.5 0.541561 -0.840661 6.12323e-17
2 1 1 3 470601 61886.9 -5462.5 0.740687 -0.67185 6.12323e-17
2 1 1 4 470256 61388.1 -5462.5 0.889337 -0.457253 6.12323e-17
2 1 1 5 470051 60816.8 -5462.5 0.977379 -0.211495 6.12323e-17
2 1 1 6 470001 60212 -5462.5 0.998815 0.0486754 6.12323e-17
2 1 1 7 470109 59615 -5462.5 0.952183 0.305529 6.12323e-17
2 1 1 8 470369 59066.3 -5462.5 0.840661 0.541561 6.12323e-17
2 1 1 9 470761 58603.4 -5462.5 0.67185 0.740687 6.12323e-17
2 1 1 10 471260 58257.9 -5462.5 0.457253 0.889337 6.12323e-17
2 1 1 11 471831 58053.3 -5462.5 0.211495 0.977379 6.12323e-17
2 1 1 12 472436 58003.4 -5462.5 -0.0486754 0.998815 6.12323e-17
2 1 1 13 473033 58111.8 -5462.5 -0.305529 0.952183 6.12323e-17
2 1 1 14 473582 58371.1 -5462.5 -0.541561 0.840661 6.12323e-17
2 1 1 15 474045 58763.5 -5462.5 -0.740687 0.67185 6.12323e-17
2 1 1 16 474390 59262.3 -5462.5 -0.889337 0.457253 6.12323e-17
2 1 1 17 474595 59833.6 -5462.5 -0.977379 0.211495 6.12323e-17
2 1 1 18 474645 60438.3 -5462.5 -0.998815 -0.0486754 6.12323e-17
2 1 1 19 474536 61035.4 -5462.5 -0.952183 -0.305529 6.12323e-17
2 1 1 20 474277 61584 -5462.5 -0.840661 -0.541561 6.12323e-17
2 1 1 21 473885 62046.9 -5462.5 -0.67185 -0.740687 6.12323e-17
2 1 1 22 473386 62392.4 -5462.5 -0.457253 -0.889337 6.12323e-17
2 1 1 23 472814 62597.1 -5462.5 -0.211495 -0.977379 6.12323e-17
2 1 1 24 472210 62646.9 -5462.5 0.0486754 -0.998815 6.12323e-17
2 1 2 1 471613 62538.5 -4962.5 0.305529 -0.952183 6.12323e-17
2 1 2 2 471064 62279.3 -4962.5 0.541561 -0.840661 6.12323e-17
2 1 2 3 470601 61886.9 -4962.5 0.740687 -0.67185 6.12323e-17
2 1 2 4 470256 61388.1 -4962.5 0.889337 -0.457253 6.12323e-17
2 1 2 5 470051 60816.8 -4962.5 0.977379 -0.211495 6.12323e-17
2 1 2 6 470001 60212 -4962.5 0.998815 0.0486754 6.12323e-17
2 1 2 7 470109 59615 -4962.5 0.952183 0.305529 6.12323e-17
2 1 2 8 470369 59066.3 -4962.5 0.840661 0.541561 6.12323e-17
2 1 2 9 470761 58603.4 -4962.5 0.67185 0.740687 6.12323e-17
2 1 2 10 471260 58257.9 -4962.5 0.457253 0.889337 6.12323e-17
2 1 2 11 471831 58053.3 -4962.5 0.211495 0.977379 6.12323e-17
2 1 2 12 472436 58003.4 -4962.5 -0.0486754 0.998815 6.12323e-17
2 1 2 13 473033 58111.8 -4962.5 -0.305529 0.952183 6.12323e-17
2 1 2 14 473582 58371.1 -4962.5 -0.541561 0.840661 6.12323e-17
2 1 2 15 474045 58763.5 -4962.5 -0.740687 0.67185 6.12323e-17
2 1 2 16 474390 59262.3 -4962.5 -0.889337 0.457253 6.12323e-17
2 1 2 17 474595 59833.6 -4962.5 -0.977379 0.211495 6.12323e-17
2 1 2 18 474645 60438.3 -4962.5 -0.998815 -0.0486754 6.12323e-17
2 1 2 19 474536 61035.4 -4962.5 -0.952183 -0.305529 6.12323e-17
2 1 2 20 474277 61584 -4962.5 -0.840661 -0.541561 6.12323e-17
2 1 2 21 473885 62046.9 -4962.5 -0.67185 -0.740687 6.12323e-17
2 1 2 22 473386 62392.4 -4962.5 -0.457253 -0.889337 6.12323e-17
2 1 2 23 472814 62597.1 -4962.5 -0.211495 -0.977379 6.12323e-17
2 1 2 24 472210 62646.9 -4962.5 0.0486754 -0.998815 6.12323e-17
2 1 3 1 471613 62538.5 -4462.5 0.305529 -0.952183 6.12323e-17
2 1 3 2 471064 62279.3 -4462.5 0.541561 -0.840661 6.12323e-17
2 1 3 3 470601 61886.9 -4462.5 0.740687 -0.67185 6.12323e-17
2 1 3 4 470256 61388.1 -4462.5 0.889337 -0.457253 6.12323e-17
2 1 3 5 470051 60816.8 -4462.5 0.977379 -0.211495 6.12323e-17
2 1 3 6 470001 60212 -4462.5 0.998815 0.0486754 6.12323e-17
2 1 3 7 470109 59615 -4462.5 0.952183 0.305529 6.12323e-17
2 1 3 8 470369 59066.3 -4462.5 0.840661 0.541561 6.12323e-17
2 1 3 9 470761 58603.4 -4462.5 0.67185 0.740687 6.12323e-17
2 1 3 10 471260 58257.9 -4462.5 0.457253 0.889337 6.12323e-17
2 1 3 11 471831 58053.3 -4462.5 0.211495 0.977379 6.12323e-17
2 1 3 12 472436 58003.4 -4462.5 -0.0486754 0.998815 6.12323e-17
2 1 3 13 473033 58111.8 -4462.5 -0.305529 0.952183 6.12323e-17
2 1 3 14 473582 58371.1 -4462.5 -0.541561 0.840661 6.12323e-17
2 1 3 15 474045 58763.5 -4462.5 -0.740687 0.67185 6.12323e-17
2 1 3 16 474390 59262.3 -4462.5 -0.889337 0.457253 6.12323e-17
2 1 3 17 474595 59833.6 -4462.5 -0.977379 0.211495 6.12323e-17
2 1 3 18 474645 60438.3 -4462.5 -0.998815 -0.0486754 6.12323e-17
2 1 3 19 474536 61035.4 -4462.5 -0.952183 -0.305529 6.12323e-17
2 1 3 20 474277 61584 -4462.5 -0.840661 -0.541561 6.12323e-17
2 1 3 21 473885 62046.9 -4462.5 -0.67185 -0.740687 6.12323e-17
2 1 3 22 473386 62392.4 -4462.5 -0.457253 -0.889337 6.12323e-17
2 1 3 23 472814 62597.1 -4462.5 -0.211495 -0.977379 6.12323e-17
2 1 3 24 472210 62646.9 -4462.5 0.0486754 -0.998815 6.12323e-17
2 1 4 1 471613 62538.5 -3962.5 0.305529 -0.952183 6.12323e-17
2 1 4 2 471064 62279.3 -3962.5 0.541561 -0.840661 6.12323e-17
2 1 4 3 470601 61886.9 -3962.5 0.740687 -0.67185 6.12323e-17
2 1 4 4 470256 61388.1 -3962.5 0.889337 -0.457253 6.12323e-17
2 1 4 5 470051 60816.8 -3962.5 0.977379 -0.211495 6.12323e-17
2 1 4 6 470001 60212 -3962.5 0.998815 0.0486754 6.12323e-17
2 1 4 7 470109 59615 -3962.5 0.952183 0.305529 6.12323e-17
2 1 4 8 470369 59066.3 -3962.5 0.840661 0.541561 6.12323e-17
2 1 4 9 470761 58603.4 -3962.5 0.67185 0.740687 6.12323e-17
2 1 4 10 471260 58257.9 -3962.5 0.457253 0.889337 6.12323e-17
2 1 4 11 471831 58053.3 -3962.5 0.211495 0.977379 6.12323e-17
2 1 4 12 472436 58003.4 -3962.5 -0.0486754 0.998815 6.12323e-17
2 1 4 13 473033 58111.8 -3962.5 -0.305529 0.952183 6.12323e-17
2 1 4 14 473582 58371.1 -3962.5 -0.541561 0.840661 6.12323e-17
2 1 4 15 474045 58763.5 -3962.5 -0.740687 0.67185 6.12323e-17
2 1 4 16 474390 59262.3 -3962.5 -0.889337 0.457253 6.12323e-17
2 1 4 17 474595 59833.6 -3962.5 -0.977379 0.211495 6.12323e-17
2 1 4 18 474645 60438.3 -3962.5 -0.998815 -0.0486754 6.12323e-17
2 1 4 19 474536 61035.4 -3962.5 -0.952183 -0.305529 6.12323e-17
2 1 4 20 474277 61584 -3962.5 -0.840661 -0.541561 6.12323e-17
2 1 4 21 473885 62046.9 -3962.5 -0.67185 -0.740687 6.12323e-17
2 1 4 22 473386 62392.4 -3962.5 -0.457253 -0.889337 6.12323e-17
2 1 4 23 472814 62597.1 -3962.5 -0.211495 -0.977379 6.12323e-17
2 1 4 24 472210 62646.9 -3962.5 0.0486754 -0.998815 6.12323e-17
2 1 5 1 471613 62538.5 -3462.5 0.305529 -0.952183 6.12323e-17
2 1 5 2 471064 62279.3 -3462.5 0.541561 -0.840661 6.12323e-17
2 1 5 3 470601 61886.9 -3462.5 0.740687 -0.67185 6.12323e-17
2 1 5 4 470256 61388.1 -3462.5 0.889337 -0.457253 6.12323e-17
2 1 5 5 470051 60816.8 -3462.5 0.977379 -0.211495 6.12323e-17
2 1 5 6 470001 60212 -3462.5 0.998815 0.0486754 6.12323e-17
2 1 5 7 470109 59615 -3462.5 0.952183 0.305529 6.12323e-17
2 1 5 8 470369 59066.3 -3462.5 0.840661 0.541561 6.12323e-17
2 1 5 9 470761 58603.4 -3462.5 0.67185 0.740687 6.12323e-17
2 1 5 10 471260 58257.9 -3462.5 0.457253 0.889337 6.12323e-17
2 1 5 11 471831 58053.3 -3462.5 0.211495 0.977379 6.12323e-17
2 1 5 12 472436 58003.4 -3462.5 -0.0486754 0.998815 6.12323e-17
2 1 5 13 473033 58111.8 -3462.5 -0.305529 0.952183 6.12323e-17
2 1 5 14 473582 58371.1 -3462.5 -0.541561 0.840661 6.12323e-17
2 1 5 15 474045 58763.5 -3462.5 -0.740687 0.67185 6.12323e-17
2 1 5 16 474390 59262.3 -3462.5 -0.889337 0.457253 6.12323e-17
2 1 5 17 474595 59833.6 -3462.5 -0.977379 0.211495 6.12323e-17
2 1 5 18 474645 60438.3 -3462.5 -0.998815 -0.0486754 6.12323e-17
2 1 5 19 474536 61035.4 -3462.5 -0.952183 -0.305529 6.12323e-17
2 1 5 20 474277 61584 -3462.5 -0.840661 -0.541561 6.12323e-17
2 1 5 21 473885 62046.9 -3462.5 -0.67185 -0.740687 6.12323e-17
2 1 5 22 473386 62392.4 -3462.5 -0.457253 -0.889337 6.12323e-17
2 1 5 23 472814 62597.1 -3462.5 -0.211495 -0.977379 6.12323e-17
2 1 5 24 472210 62646.9 -3462.5 0.0486754 -0.998815 6.12323e-17
2 1 6 1 471613 62538.5 -2962.5 0.305529 -0.952183 6.12323e-17
2 1 6 2 471064 62279.3 -2962.5 0.541561 -0.840661 6.12323e-17
2 1 6 3 470601 61886.9 -2962.5 0.740687 -0.67185 6.12323e-17
2 1 6 4 470256 61388.1 -2962.5 0.889337 -0.457253 6.12323e-17
2 1 6 5 470051 60816.8 -2962.5 0.977379 -0.211495 6.12323e-17
2 1 6 6 470001 60212 -2962.5 0.998815 0.0486754 6.12323e-17
2 1 6 7 470109 59615 -2962.5 0.952183 0.305529 6.12323e-17
2 1 6 8 470369 59066.3 -2962.5 0.840661 0.541561 6.12323e-17
2 1 6 9 470761 58603.4 -2962.5 0.67185 0.740687 6.12323e-17
2 1 6 10 471260 58257.9 -2962.5 0.457253 0.889337 6.12323e-17
2 1 6 11 471831 58053.3 -2962.5 0.211495 0.977379 6.12323e-17
2 1 6 12 472436 58003.4 -2962.5 -0.0486754 0.998815 6.12323e-17
2 1 6 13 473033 58111.8 -2962.5 -0.305529 0.952183 6.12323e-17
2 1 6 14 473582 58371.1 -2962.5 -0.541561 0.840661 6.12323e-17
2 1 6 15 474045 58763.5 -2962.5 -0.740687 0.67185 6.12323e-17
2 1 6 16 474390 59262.3 -2962.5 -0.889337 0.457253 6.12323e-17
2 1 6 17 474595 59833.6 -2962.5 -0.977379 0.211495 6.12323e-17
2 1 6 18 474645 60438.3 -2962.5 -0.998815 -0.0486754 6.12323e-17
2 1 6 19 474536 61035.4 -2962.5 -0.952183 -0.305529 6.12323e-17
2 1 6 20 474277 61584 -2962.5 -0.840661 -0.541561 6.12323e-17
2 1 6 21 473885 62046.9 -2962.5 -0.67185 -0.740687 6.12323e-17
2 1 6 22 473386 62392.4 -2962.5 -0.457253 -0.889337 6.12323e-17
2 1 6 23 472814 62597.1 -2962.5 -0.211495 -0.977379 6.12323e-17
2 1 6 24 472210 62646.9 -2962.5 0.0486754 -0.998815 6.12323e-17
2 1 7 1 471613 62538.5 -2462.5 0.305529 -0.952183 6.12323e-17
2 1 7 2 471064 62279.3 -2462.5 0.541561 -0.840661 6.12323e-17
2 1 7 3 470601 61886.9 -2462.5 0.740687 -0.67185 6.12323e-17
2 1 7 4 470256 61388.1 -2462.5 0.889337 -0.457253 6.12323e-17
2 1 7 5 470051 60816.8 -2462.5 0.977379 -0.211495 6.12323e-17
2 1 7 6 470001 60212 -2462.5 0.998815 0.0486754 6.12323e-17
2 1 7 7 470109 59615 -2462.5 0.952183 0.305529 6.12323e-17
2 1 7 8 470369 59066.3 -2462.5 0.840661 0.541561 6.12323e-17
2 1 7 9 470761 58603.4 -2462.5 0.67185 0.740687 6.12323e-17
2 1 7 10 471260 58257.9 -2462.5 0.457253 0.889337 6.12323e-17
2 1 7 11 471831 58053.3 -2462.5 0.211495 0.977379 6.12323e-17
2 1 7 12 472436 58003.4 -2462.5 -0.0486754 0.998815 6.12323e-17
2 1 7 13 473033 58111.8 -2462.5 -0.305529 0.952183 6.12323e-17
2 1 7 14 473582 58371.1 -2462.5 -0.541561 0.840661 6.12323e-17
2 1 7 15 474045 58763.5 -2462.5 -0.740687 0.67185 6.12323e-17
2 1 7 16 474390 59262.3 -2462.5 -0.889337 0.457253 6.12323e-17
2 1 7 17 474595 59833.6 -2462.5 -0.977379 0.211495 6.12323e-17
2 1 7 18 474645 60438.3 -2462.5 -0.998815 -0.0486754 6.12323e-17
2 1 7 19 474536 61035.4 -2462.5 -0.952183 -0.305529 6.12323e-17
2 1 7 20 474277 61584 -2462.5 -0.840661 -0.541561 6.12323e-17
2 1 7 21 473885 62046.9 -2462.5 -0.67185 -0.740687 6.12323e-17
2 1 7 22 473386 62392.4 -2462.5 -0.457253 -0.889337 6.12323e-17
2 1 7 23 472814 62597.1 -2462.5 -0.211495 -0.977379 6.12323e-17
2 1 7 24 472210 62646.9 -2462.5 0.0486754 -0.998815 6.12323e-17
2 1 8 1 471613 62538.5 -1962.5 0.305529 -0.952183 6.12323e-17
2 1 8 2 471064 62279.3 -1962.5 0.541561 -0.840661 6.12323e-17
2 1 8 3 470601 61886.9 -1962.5 0.740687 -0.67185 6.12323e-17
2 1 8 4 470256 61388.1 -1962.5 0.889337 -0.457253 6.12323e-17
2 1 8 5 470051 60816.8 -1962.5 0.977379 -0.211495 6.12323e-17
2 1 8 6 470001 60212 -1962.5 0.998815 0.0486754 6.12323e-17
2 1 8 7 470109 59615 -1962.5 0.952183 0.305529 6.12323e-17
2 1 8 8 470369 59066.3 -1962.5 0.840661 0.541561 6.12323e-17
2 1 8 9 470761 58603.4 -1962.5 0.67185 0.740687 6.12323e-17
2 1 8 10 471260 58257.9 -1962.5 0.457253 0.889337 6.12323e-17
2 1 8 11 471831 58053.3 -1962.5 0.211495 0.977379 6.12323e-17
2 1 8 12 472436 58003.4 -1962.5 -0.0486754 0.998815 6.12323e-17
2 1 8 13 473033 58111.8 -1962.5 -0.305529 0.952183 6.12323e-17
2 1 8 14 473582 58371.1 -1962.5 -0.541561 0.840661 6.12323e-17
2 1 8 15 474045 58763.5 -1962.5 -0.740687 0.67185 6.12323e-17
2 1 8 16 474390 59262.3 -1962.5 -0.889337 0.457253 6.12323e-17
2 1 8 17 474595 59833.6 -1962.5 -0.977379 0.211495 6.12323e-17
2 1 8 18 474645 60438.3 -1962.5 -0.998815 -0.0486754 6.12323e-17
2 1 8 19 474536 61035.4 -1962.5 -0.952183 -0.305529 6.12323e-17
2 1 8 20 474277 61584 -1962.5 -0.840661 -0.541561 6.12323e-17
2 1 8 21 473885 62046.9 -1962.5 -0.67185 -0.740687 6.12323e-17
2 1 8 22 473386 62392.4 -1962.5 -0.457253 -0.889337 6.12323e-17
2 1 8 23 472814 62597.1 -1962.5 -0.211495 -0.977379 6.12323e-17
2 1 8 24 472210 62646.9 -1962.5 0.0486754 -0.998815 6.12323e-17
2 2 0 1 471609 66175.5 -1529 1.02951e-16 6.63222e-17 -1
2 2 0 2 471609 66175.5 -5896 0 0 1
2 2 0 3 472652 67144.9 -1529 1.02951e-16 6.63222e-17 -1
2 2 0 4 472652 67144.9 -5896 0 0 1
2 2 0 5 473240 65054.8 -1529 1.10686e-16 -5.24039e-17 -1
2 2 0 6 473240 65054.8 -5896 0 0 1
2 2 1 1 470587 68188.2 -5462.5 0.305529 -0.952183 6.12323e-17
2 2 1 2 470038 67928.9 -5462.5 0.541561 -0.840661 6.12323e-17
2 2 1 3 469575 67536.5 -5462.5 0.740687 -0.67185 6.12323e-17
2 2 1 4 469230 67037.7 -5462.5 0.889337 -0.457253 6.12323e-17
2 2 1 5 469025 66466.4 -5462.5 0.977379 -0.211495 6.12323e-17
2 2 1 6 468975 65861.7 -5462.5 0.998815 0.0486754 6.12323e-17
2 2 1 7 469084 65264.6 -5462.5 0.952183 0.305529 6.12323e-17
2 2 1 8 469343 64716 -5462.5 0.840661 0.541561 6.12323e-17
2 2 1 9 469735 64253.1 -5462.5 0.67185 0.740687 6.12323e-17
2 2 1 10 470234 63907.6 -5462.5 0.457253 0.889337 6.12323e-17
2 2 1 11 470806 63702.9 -5462.5 0.211495 0.977379 6.12323e-17
2 2 1 12 471410 63653.1 -5462.5 -0.0486754 0.998815 6.12323e-17
2 2 1 13 472007 63761.5 -5462.5 -0.305529 0.952183 6.12323e-17
2 2 1 14 472556 64020.7 -5462.5 -0.541561 0.840661 6.12323e-17
2 2 1 15 473019 64413.1 -5462.5 -0.740687 0.67185 6.12323e-17
2 2 1 16 473364 64911.9 -5462.5 -0.889337 0.457253 6.12323e-17
2 2 1 17 473569 65483.2 -5462.5 -0.977379 0.211495 6.12323e-17
2 2 1 18 473619 66088 -5462.5 -0.998815 -0.0486754 6.12323e-17
2 2 1 19 473511 66685 -5462.5 -0.952183 -0.305529 6.12323e-17
2 2 1 20 473251 67233.7 -5462.5 -0.840661 -0.541561 6.12323e-17
2 2 1 21 472859 67696.6 -5462.5 -0.67185 -0.740687 6.12323e-17
2 2 1 22 472360 68042.1 -5462.5 -0.457253 -0.889337 6.12323e-17
2 2 1 23 471789 68246.7 -5462.5 -0.211495 -0.977379 6.12323e-17
2 2 1 24 471184 68296.6 -5462.5 0.0486754 -0.998815 6.12323e-17
2 2 2 1 470587 68188.2 -4962.5 0.305529 -0.952183 6.12323e-17
2 2 2 2 470038 67928.9 -4962.5 0.541561 -0.840661 6.12323e-17
2 2 2 3 469575 67536.5 -4962.5 0.740687 -0.67185 6.12323e-17
2 2 2 4 469230 67037.7 -4962.5 0.889337 -0.457253 6.12323e-17
2 2 2 5 469025 66466.4 -4962.5 0.977379 -0.211495 6.12323e-17
2 2 2 6 468975 65861.7 -4962.5 0.998815 0.0486754 6.12323e-17
2 2 2 7 469084 65264.6 -4962.5 0.952183 0.305529 6.12323e-17
2 2 2 8 469343 64716 -4962.5 0.840661 0.541561 6.12323e-17
2 2 2 9 469735 64253.1 -4962.5 0.67185 0.740687 6.12323e-17
2 2 2 10 470234 63907.6 -4962.5 0.457253 0.889337 6.12323e-17
2 2 2 11 470806 63702.9 -4962.5 0.211495 0.977379 6.12323e-17
2 2 2 12 471410 63653.1 -4962.5 -0.0486754 0.998815 6.12323e-17
2 2 2 13 472007 63761.5 -4962.5 -0.305529 0.952183 6.12323e-17
2 2 2 14 472556 64020.7 -4962.5 -0.541561 0.840661 6.12323e-17
2 2 2 15 473019 64413.1 -4962.5 -0.740687 0.67185 6.12323e-17
2 2 2 16 473364 64911.9 -4962.5 -0.889337 0.457253 6.12323e-17
2 2 2 17 473569 65483.2 -4962.5 -0.977379 0.211495 6.12323e-17
2 2 2 18 473619 66088 -4962.5 -0.998815 -0.0486754 6.12323e-17
2 2 2 19 473511 66685 -4962.5 -0.952183 -0.305529 6.12323e-17
2 2 2 20 473251 67233.7 -4962.5 -0.840661 -0.541561 6.12323e-17
2 2 2 21 472859 67696.6 -4962.5 -0.67185 -0.740687 6.12323e-17
2 2 2 22 472360 68042.1 -4962.5 -0.457253 -0.889337 6.12323e-17
2 2 2 23 471789 68246.7 -4962.5 -0.211495 -0.977379 6.12323e-17
2 2 2 24 471184 68296.6 -4962.5 0.0486754 -0.998815 6.12323e-17
2 2 3 1 470587 68188.2 -4462.5 0.305529 -0.952183 6.12323e-17
2 2 3 2 470038 67928.9 -4462.5 0.541561 -0.840661 6.12323e-17
2 2 3 3 469575 67536.5 -4462.5 0.740687 -0.67185 6.12323e-17
2 2 3 4 469230 67037.7 -4462.5 0.889337 -0.457253 6.12323e-17
2 2 3 5 469025 66466.4 -4462.5 0.977379 -0.211495 6.12323e-17
2 2 3 6 468975 65861.7 -4462.5 0.998815 0.0486754 6.12323e-17
2 2 3 7 469084 65264.6 -4462.5 0.952183 0.305529 6.12323e-17
2 2 3 8 469343 64716 -4462.5 0.840661 0.541561 6.12323e-17
2 2 3 9 469735 64253.1 -4462.5 0.67185 0.740687 6.12323e-17
2 2 3 10 470234 63907.6 -4462.5 0.457253 0.889337 6.12323e-17
2 2 3 11 470806 63702.9 -4462.5 0.211495 0.977379 6.12323e-17
2 2 3 12 471410 63653.1 -4462.5 -0.0486754 0.998815 6.12323e-17
2 2 3 13 472007 63761.5 -4462.5 -0.305529 0.952183 6.12323e-17
2 2 3 14 472556 64020.7 -4462.5 -0.541561 0.840661 6.12323e-17
2 2 3 15 473019 64413.1 -4462.5 -0.740687 0.67185 6.12323e-17
2 2 3 16 473364 64911.9 -4462.5 -0.889337 0.457253 6.12323e-17
2 2 3 17 473569 65483.2 -4462.5 -0.977379 0.211495 6.12323e-17
2 2 3 18 473619 66088 -4462.5 -0.998815 -0.0486754 6.12323e-17
2 2 3 19 473511 66685 -4462.5 -0.952183 -0.305529 6.12323e-17
2 2 3 20 473251 67233.7 -4462.5 -0.840661 -0.541561 6.12323e-17
2 2 3 21 472859 67696.6 -4462.5 -0.67185 -0.740687 6.12323e-17
2 2 3 22 472360 68042.1 -4462.5 -0.457253 -0.889337 6.12323e-17
2 2 3 23 471789 68246.7 -4462.5 -0.211495 -0.977379 6.12323e-17
2 2 3 24 471184 68296.6 -4462.5 0.0486754 -0.998815 6.12323e-17
2 2 4 1 470587 68188.2 -3962.5 0.305529 -0.952183 6.12323e-17
2 2 4 2 470038 67928.9 -3962.5 0.541561 -0.840661 6.12323e-17
2 2 4 3 469575 67536.5 -3962.5 0.740687 -0.67185 6.12323e-17
2 2 4 4 469230 67037.7 -3962.5 0.889337 -0.457253 6.12323e-17
2 2 4 5 469025 66466.4 -3962.5 0.977379 -0.211495 6.12323e-17
2 2 4 6 468975 65861.7 -3962.5 0.998815 0.0486754 6.12323e-17
2 2 4 7 469084 65264.6 -3962.5 0.952183 0.305529 6.12323e-17
2 2 4 8 469343 64716 -3962.5 0.840661 0.541561 6.12323e-17
2 2 4 9 469735 64253.1 -3962.5 0.67185 0.740687 6.12323e-17
2 2 4 10 470234 63907.6 -3962.5 0.457253 0.889337 6.12323e-17
2 2 4 11 470806 63702.9 -3962.5 0.211495 0.977379 6.12323e-17
2 2 4 12 471410 63653.1 -3962.5 -0.0486754 0.998815 6.12323e-17
2 2 4 13 472007 63761.5 -3962.5 -0.305529 0.952183 6.12323e-17
2 2 4 14 472556 64020.7 -3962.5 -0.541561 0.840661 6.12323e-17
2 2 4 15 473019 64413.1 -3962.5 -0.740687 0.67185 6.12323e-17
2 2 4 16 473364 64911.9 -3962.5 -0.889337 0.457253 6.12323e-17
2 2 4 17 473569 65483.2 -3962.5 -0.977379 0.211495 6.12323e-17
2 2 4 18 473619 66088 -3962.5 -0.998815 -0.0486754 6.12323e-17
2 2 4 19 473511 66685 -3962.5 -0.952183 -0.305529 6.12323e-17
2 2 4 20 473251 67233.7 -3962.5 -0.840661 -0.541561 6.12323e-17
2 2 4 21 472859 67696.6 -3962.5 -0.67185 -0.740687 6.12323e-17
2 2 4 22 472360 68042.1 -3962.5 -0.457253 -0.889337 6.12323e-17
2 2 4 23 471789 68246.7 -3962.5 -0.211495 -0.977379 6.12323e-17
2 2 4 24 471184 68296.6 -3962.5 0.0486754 -0.998815 6.12323e-17
2 2 5 1 470587 68188.2 -3462.5 0.305529 -0.952183 6.12323e-17
2 2 5 2 470038 67928.9 -3462.5 0.541561 -0.840661 6.12323e-17
2 2 5 3 469575 67536.5 -3462.5 0.740687 -0.67185 6.12323e-17
2 2 5 4 469230 67037.7 -3462.5 0.889337 -0.457253 6.12323e-17
2 2 5 5 469025 66466.4 -3462.5 0.977379 -0.211495 6.12323e-17
2 2 5 6 468975 65861.7 -3462.5 0.998815 0.0486754 6.12323e-17
2 2 5 7 469084 65264.6 -3462.5 0.952183 0.305529 6.12323e-17
2 2 5 8 469343 64716 -3462.5 0.840661 0.541561 6.12323e-17
2 2 5 9 469735 64253.1 -3462.5 0.67185 0.740687 6.12323e-17
2 2 5 10 470234 63907.6 -3462.5 0.457253 0.889337 6.12323e-17
2 2 5 11 470806 63702.9 -3462.5 0.211495 0.977379 6.12323e-17
2 2 5 12 471410 63653.1 -3462.5 -0.0486754 0.998815 6.12323e-17
2 2 5 13 472007 63761.5 -3462.5 -0.305529 0.952183 6.12323e-17
2 2 5 14 472556 64020.7 -3462.5 -0.541561 0.840661 6.12323e-17
2 2 5 15 473019 64413.1 -3462.5 -0.740687 0.67185 6.12323e-17
2 2 5 16 473364 64911.9 -3462.5 -0.889337 0.457253 6.12323e-17
2 2 5 17 473569 65483.2 -3462.5 -0.977379 0.211495 6.12323e-17
2 2 5 18 473619 66088 -3462.5 -0.998815 -0.0486754 6.12323e-17
2 2 5 19 473511 66685 -3462.5 -0.952183 -0.305529 6.12323e-17
2 2 5 20 473251 67233.7 -3462.5 -0.840661 -0.541561 6.12323e-17
2 2 5 21 472859 67696.6 -3462.5 -0.67185 -0.740687 6.12323e-17
2 2 5 22 472360 68042.1 -3462.5 -0.457253 -0.889337 6.12323e-17
2 2 5 23 471789 68246.7 -3462.5 -0.211495 -0.977379 6.12323e-17
2 2 5 24 471184 68296.6 -3462.5 0.0486754 -0.998815 6.12323e-17
2 2 6 1 470587 68188.2 -2962.5 0.305529 -0.952183 6.12323e-17
2 2 6 2 470038 67928.9 -2962.5 0.541561 -0.840661 6.12323e-17
2 2 6 3 469575 67536.5 -2962.5 0.740687 -0.67185 6.12323e-17
2 2 6 4 469230 67037.7 -2962.5 0.889337 -0.457253 6.12323e-17
2 2 6 5 469025 66466.4 -2962.5 0.977379 -0.211495 6.12323e-17
2 2 6 6 468975 65861.7 -2962.5 0.998815 0.0486754 6.12323e-17
2 2 6 7 469084 65264.6 -2962.5 0.952183 0.305529 6.12323e-17
2 2 6 8 469343 64716 -2962.5 0.840661 0.541561 6.12323e-17
2 2 6 9 469735 64253.1 -2962.5 0.67185 0.740687 6.12323e-17
2 2 6 10 470234 63907.6 -2962.5 0.457253 0.889337 6.12323e-17
2 2 6 11 470806 63702.9 -2962.5 0.211495 0.977379 6.12323e-17
2 2 6 12 471410 63653.1 -2962.5 -0.0486754 0.998815 6.12323e-17
2 2 6 13 472007 63761.5 -2962.5 -0.305529 0.952183 6.12323e-17
2 2 6 14 472556 64020.7 -2962.5 -0.541561 0.840661 6.12323e-17
2 2 6 15 473019 64413.1 -2962.5 -0.740687 0.67185 6.12323e-17
2 2 6 16 473364 64911.9 -2962.5 -0.889337 0.457253 6.12323e-17
2 2 6 17 473569 65483.2 -2962.5 -0.977379 0.211495 6.12323e-17
2 2 6 18 473619 66088 -2962.5 -0.998815 -0.0486754 6.12323e-17
2 2 6 19 473511 66685 -2962.5 -0.952183 -0.305529 6.12323e-17
2 2 6 20 473251 67233.7 -2962.5 -0.840661 -0.541561 6.12323e-17
2 2 6 21 472859 67696.6 -2962.5 -0.67185 -0.740687 6.12323e-17
2 2 6 22 472360 68042.1 -2962.5 -0.457253 -0.889337 6.12323e-17
2 2 6 23 471789 68246.7 -2962.5 -0.211495 -0.977379 6.12323e-17
2 2 6 24 471184 68296.6 -2962.5 0.0486754 -0.998815 6.12323e-17
2 2 7 1 470587 68188.2 -2462.5 0.305529 -0.952183 6.12323e-17
2 2 7 2 470038 67928.9 -2462.5 0.541561 -0.840661 6.12323e-17
2 2 7 3 469575 67536.5 -2462.5 0.740687 -0.67185 6.12323e-17
2 2 7 4 469230 67037.7 -2462.5 0.889337 -0.457253 6.12323e-17
2 2 7 5 469025 66466.4 -2462.5 0.977379 -0.211495 6.12323e-17
2 2 7 6 468975 65861.7 -2462.5 0.998815 0.0486754 6.12323e-17
2 2 7 7 469084 65264.6 -2462.5 0.952183 0.305529 6.12323e-17
2 2 7 8 469343 64716 -2462.5 0.840661 0.541561 6.12323e-17
2 2 7 9 469735 64253.1 -2462.5 0.67185 0.740687 6.12323e-17
2 2 7 10 470234 63907.6 -2462.5 0.457253 0.889337 6.12323e-17
2 2 7 11 470806 63702.9 -2462.5 0.211495 0.977379 6.12323e-17
2 2 7 12 471410 63653.1 -2462.5 -0.0486754 0.998815 6.12323e-17
2 2 7 13 472007 63761.5 -2462.5 -0.305529 0.952183 6.12323e-17
2 2 7 14 472556 64020.7 -2462.5 -0.541561 0.840661 6.12323e-17
2 2 7 15 473019 64413.1 -2462.5 -0.740687 0.67185 6.12323e-17
2 2 7 16 473364 64911.9 -2462.5 -0.889337 0.457253 6.12323e-17
2 2 7 17 473569 65483.2 -2462.5 -0.977379 0.211495 6.12323e-17
2 2 7 18 473619 66088 -2462.5 -0.998815 -0.0486754 6.12323e-17
2 2 7 19 473511 66685 -2462.5 -0.952183 -0.305529 6.12323e-17
2 2 7 20 473251 67233.7 -2462.5 -0.840661 -0.541561 6.12323e-17
2 2 7 21 472859 67696.6 -2462.5 -0.67185 -0.740687 6.12323e-17
2 2 7 22 472360 68042.1 -2462.5 -0.457253 -0.889337 6.12323e-17
2 2 7 23 471789 68246.7 -2462.5 -0.211495 -0.977379 6.12323e-17
2 2 7 24 471184 68296.6 -2462.5 0.0486754 -0.998815 6.12323e-17
2 2 8 1 470587 68188.2 -1962.5 0.305529 -0.952183 6.12323e-17
2 2 8 2 470038 67928.9 -1962.5 0.541561 -0.840661 6.12323e-17
2 2 8 3 469575 67536.5 -1962.5 0.740687 -0.67185 6.12323e-17
2 2 8 4 469230 67037.7 -1962.5 0.889337 -0.457253 6.12323e-17
2 2 8 5 469025 66466.4 -1962.5 0.977379 -0.211495 6.12323e-17
2 2 8 6 468975 65861.7 -1962.5 0.998815 0.0486754 6.12323e-17
2 2 8 7 469084 65264.6 -1962.5 0.952183 0.305529 6.12323e-17
2 2 8 8 469343 64716 -1962.5 0.840661 0.541561 6.12323e-17
2 2 8 9 469735 64253.1 -1962.5 0.67185 0.740687 6.12323e-17
2 2 8 10 470234 63907.6 -1962.5 0.457253 0.889337 6.12323e-17
2 2 8 11 470806 63702.9 -1962.5 0.211495 0.977379 6.12323e-17
2 2 8 12 471410 63653.1 -1962.5 -0.0486754 0.998815 6.12323e-17
2 2 8 13 472007 63761.5 -1962.5 -0.305529 0.952183 6.12323e-17
2 2 8 14 472556 64020.7 -1962.5 -0.541561 0.840661 6.12323e-17
2 2 8 15 473019 64413.1 -1962.5 -0.740687 0.67185 6.12323e-17
2 2 8 16 473364 64911.9 -1962.5 -0.889337 0.457253 6.12323e-17
2 2 8 17 473569 65483.2 -1962.5 -0.977379 0.211495 6.12323e-17
2 2 8 18 473619 66088 -1962.5 -0.998815 -0.0486754 6.12323e-17
2 2 8 19 473511 66685 -1962.5 -0.952183 -0.305529 6.12323e-17
2 2 8 20 473251 67233.7 -1962.5 -0.840661 -0.541561 6.12323e-17
2 2 8 21 472859 67696.6 -1962.5 -0.67185 -0.740687 6.12323e-17
2 2 8 22 472360 68042.1 -1962.5 -0.457253 -0.889337 6.12323e-17
2 2 8 23 471789 68246.7 -1962.5 -0.211495 -0.977379 6.12323e-17
2 2 8 24 471184 68296.6 -1962.5 0.0486754 -0.998815 6.12323e-17
