1 1 0 1 -18289.8 -800004 -4909 -6.95408e-17 -1.00805e-16 -1
1 1 0 2 -18289.8 -800004 -9276 0 0 1
1 1 0 3 -18880.2 -801300 -4909 -6.95408e-17 -1.00805e-16 -1
1 1 0 4 -18880.2 -801300 -9276 0 0 1
1 1 0 5 -20227 -799597 -4909 -1.22326e-16 5.82225e-18 -1
1 1 0 6 -20227 -799597 -9276 0 0 1
1 1 1 1 -16572.9 -801470 -8842.5 -0.64812 0.761538 6.12323e-17
1 1 1 2 -16166.1 -801019 -8842.5 -0.823136 0.567844 6.12323e-17
1 1 1 3 -15889.6 -800479 -8842.5 -0.942057 0.335452 6.12323e-17
1 1 1 4 -15762.4 -799886 -8842.5 -0.996779 0.0801989 6.12323e-17
1 1 1 5 -15793.1 -799280 -8842.5 -0.983571 -0.180519 6.12323e-17
1 1 1 6 -15979.7 -798702 -8842.5 -0.903335 -0.428935 6.12323e-17
1 1 1 7 -16309.3 -798193 -8842.5 -0.761538 -0.64812 6.12323e-17
1 1 1 8 -16759.5 -797786 -8842.5 -0.567844 -0.823136 6.12323e-17
1 1 1 9 -17299.7 -797510 -8842.5 -0.335452 -0.942057 6.12323e-17
1 1 1 10 -17893 -797382 -8842.5 -0.0801989 -0.996779 6.12323e-17
1 1 1 11 -18499.1 -797413 -8842.5 0.180519 -0.983571 6.12323e-17
1 1 1 12 -19076.5 -797600 -8842.5 0.428935 -0.903335 6.12323e-17
1 1 1 13 -19586 -797929 -8842.5 0.64812 -0.761538 6.12323e-17
1 1 1 14 -19992.8 -798379 -8842.5 0.823136 -0.567844 6.12323e-17
1 1 1 15 -20269.3 -798920 -8842.5 0.942057 -0.335452 6.12323e-17
1 1 1 16 -20396.5 -799513 -8842.5 0.996779 -0.0801989 6.12323e-17
1 1 1 17 -20365.8 -800119 -8842.5 0.983571 0.180519 6.12323e-17
1 1 1 18 -20179.3 -800697 -8842.5 0.903335 0.428935 6.12323e-17
1 1 1 19 -19849.6 -801206 -8842.5 0.761538 0.64812 6.12323e-17
1 1 1 20 -19399.4 -801613 -8842.5 0.567844 0.823136 6.12323e-17
1 1 1 21 -18859.2 -801889 -8842.5 0.335452 0.942057 6.12323e-17
1 1 1 22 -18265.9 -802016 -8842.5 0.0801989 0.996779 6.12323e-17
1 1 1 23 -17659.8 -801986 -8842.5 -0.180519 0.983571 6.12323e-17
1 1 1 24 -17082.4 -801799 -8842.5 -0.428935 0.903335 6.12323e-17
1 1 2 1 -16572.9 -801470 -8342.5 -0.64812 0.761538 6.12323e-17
1 1 2 2 -16166.1 -801019 -8342.5 -0.823136 0.567844 6.12323e-17
1 1 2 3 -15889.6 -800479 -8342.5 -0.942057 0.335452 6.12323e-17
1 1 2 4 -15762.4 -799886 -8342.5 -0.996779 0.0801989 6.12323e-17
1 1 2 5 -15793.1 -799280 -8342.5 -0.983571 -0.180519 6.12323e-17
1 1 2 6 -15979.7 -798702 -8342.5 -0.903335 -0.428935 6.12323e-17
1 1 2 7 -16309.3 -798193 -8342.5 -0.761538 -0.64812 6.12323e-17
1 1 2 8 -16759.5 -797786 -8342.5 -0.567844 -0.823136 6.12323e-17
1 1 2 9 -17299.7 -797510 -8342.5 -0.335452 -0.942057 6.12323e-17
1 1 2 10 -17893 -797382 -8342.5 -0.0801989 -0.996779 6.12323e-17
1 1 2 11 -18499.1 -797413 -8342.5 0.180519 -0.983571 6.12323e-17
1 1 2 12 -19076.5 -797600 -8342.5 0.428935 -0.903335 6.12323e-17
1 1 2 13 -19586 -797929 -8342.5 0.64812 -0.761538 6.12323e-17
1 1 2 14 -19992.8 -798379 -8342.5 0.823136 -0.567844 6.12323e-17
1 1 2 15 -20269.3 -798920 -8342.5 0.942057 -0.335452 6.12323e-17
1 1 2 16 -20396.5 -799513 -8342.5 0.996779 -0.0801989 6.12323e-17
1 1 2 17 -20365.8 -800119 -8342.5 0.983571 0.180519 6.12323e-17
1 1 2 18 -20179.3 -800697 -8342.5 0.903335 0.428935 6.12323e-17
1 1 2 19 -19849.6 -801206 -8342.5 0.761538 0.64812 6.12323e-17
1 1 2 20 -19399.4 -801613 -8342.5 0.567844 0.823136 6.12323e-17
1 1 2 21 -18859.2 -801889 -8342.5 0.335452 0.942057 6.12323e-17
1 1 2 22 -18265.9 -802016 -8342.5 0.0801989 0.996779 6.12323e-17
1 1 2 23 -17659.8 -801986 -8342.5 -0.180519 0.983571 6.12323e-17
1 1 2 24 -17082.4 -801799 -8342.5 -0.428935 0.903335 6.12323e-17
1 1 3 1 -16572.9 -801470 -7842.5 -0.64812 0.761538 6.12323e-17
1 1 3 2 -16166.1 -801019 -7842.5 -0.823136 0.567844 6.12323e-17
1 1 3 3 -15889.6 -800479 -7842.5 -0.942057 0.335452 6.12323e-17
1 1 3 4 -15762.4 -799886 -7842.5 -0.996779 0.0801989 6.12323e-17
1 1 3 5 -15793.1 -799280 -7842.5 -0.983571 -0.180519 6.12323e-17
1 1 3 6 -15979.7 -798702 -7842.5 -0.903335 -0.428935 6.12323e-17
1 1 3 7 -16309.3 -798193 -7842.5 -0.761538 -0.64812 6.12323e-17
1 1 3 8 -16759.5 -797786 -7842.5 -0.567844 -0.823136 6.12323e-17
1 1 3 9 -17299.7 -797510 -7842.5 -0.335452 -0.942057 6.12323e-17
1 1 3 10 -17893 -797382 -7842.5 -0.0801989 -0.996779 6.12323e-17
1 1 3 11 -18499.1 -797413 -7842.5 0.180519 -0.983571 6.12323e-17
1 1 3 12 -19076.5 -797600 -7842.5 0.428935 -0.903335 6.12323e-17
1 1 3 13 -19586 -797929 -7842.5 0.64812 -0.761538 6.12323e-17
1 1 3 14 -19992.8 -798379 -7842.5 0.823136 -0.567844 6.12323e-17
1 1 3 15 -20269.3 -798920 -7842.5 0.942057 -0.335452 6.12323e-17
1 1 3 16 -20396.5 -799513 -7842.5 0.996779 -0.0801989 6.12323e-17
1 1 3 17 -20365.8 -800119 -7842.5 0.983571 0.180519 6.12323e-17
1 1 3 18 -20179.3 -800697 -7842.5 0.903335 0.428935 6.12323e-17
1 1 3 19 -19849.6 -801206 -7842.5 0.761538 0.64812 6.12323e-17
1 1 3 20 -19399.4 -801613 -7842.5 0.567844 0.823136 6.12323e-17
1 1 3 21 -18859.2 -801889 -7842.5 0.335452 0.942057 6.12323e-17
1 1 3 22 -18265.9 -802016 -7842.5 0.0801989 0.996779 6.12323e-17
1 1 3 23 -17659.8 -801986 -7842.5 -0.180519 0.983571 6.12323e-17
1 1 3 24 -17082.4 -801799 -7842.5 -0.428935 0.903335 6.12323e-17
1 1 4 1 -16572.9 -801470 -7342.5 -0.64812 0.761538 6.12323e-17
1 1 4 2 -16166.1 -801019 -7342.5 -0.823136 0.567844 6.12323e-17
1 1 4 3 -15889.6 -800479 -7342.5 -0.942057 0.335452 6.12323e-17
1 1 4 4 -15762.4 -799886 -7342.5 -0.996779 0.0801989 6.12323e-17
1 1 4 5 -15793.1 -799280 -7342.5 -0.983571 -0.180519 6.12323e-17
1 1 4 6 -15979.7 -798702 -7342.5 -0.903335 -0.428935 6.12323e-17
1 1 4 7 -16309.3 -798193 -7342.5 -0.761538 -0.64812 6.12323e-17
1 1 4 8 -16759.5 -797786 -7342.5 -0.567844 -0.823136 6.12323e-17
1 1 4 9 -17299.7 -797510 -7342.5 -0.335452 -0.942057 6.12323e-17
1 1 4 10 -17893 -797382 -7342.5 -0.0801989 -0.996779 6.12323e-17
1 1 4 11 -18499.1 -797413 -7342.5 0.180519 -0.983571 6.12323e-17
1 1 4 12 -19076.5 -797600 -7342.5 0.428935 -0.903335 6.12323e-17
1 1 4 13 -19586 -797929 -7342.5 0.64812 -0.761538 6.12323e-17
1 1 4 14 -19992.8 -798379 -7342.5 0.823136 -0.567844 6.12323e-17
1 1 4 15 -20269.3 -798920 -7342.5 0.942057 -0.335452 6.12323e-17
1 1 4 16 -20396.5 -799513 -7342.5 0.996779 -0.0801989 6.12323e-17
1 1 4 17 -20365.8 -800119 -7342.5 0.983571 0.180519 6.12323e-17
1 1 4 18 -20179.3 -800697 -7342.5 0.903335 0.428935 6.12323e-17
1 1 4 19 -19849.6 -801206 -7342.5 0.761538 0.64812 6.12323e-17
1 1 4 20 -19399.4 -801613 -7342.5 0.567844 0.823136 6.12323e-17
1 1 4 21 -18859.2 -801889 -7342.5 0.335452 0.942057 6.12323e-17
1 1 4 22 -18265.9 -802016 -7342.5 0.0801989 0.996779 6.12323e-17
1 1 4 23 -17659.8 -801986 -7342.5 -0.180519 0.983571 6.12323e-17
1 1 4 24 -17082.4 -801799 -7342.5 -0.428935 0.903335 6.12323e-17
1 1 5 1 -16572.9 -801470 -6842.5 -0.64812 0.761538 6.12323e-17
1 1 5 2 -16166.1 -801019 -6842.5 -0.823136 0.567844 6.12323e-17
1 1 5 3 -15889.6 -800479 -6842.5 -0.942057 0.335452 6.12323e-17
1 1 5 4 -15762.4 -799886 -6842.5 -0.996779 0.0801989 6.12323e-17
1 1 5 5 -15793.1 -799280 -6842.5 -0.983571 -0.180519 6.12323e-17
1 1 5 6 -15979.7 -798702 -6842.5 -0.903335 -0.428935 6.12323e-17
1 1 5 7 -16309.3 -798193 -6842.5 -0.761538 -0.64812 6.12323e-17
1 1 5 8 -16759.5 -797786 -6842.5 -0.567844 -0.823136 6.12323e-17
1 1 5 9 -17299.7 -797510 -6842.5 -0.335452 -0.942057 6.12323e-17
1 1 5 10 -17893 -797382 -6842.5 -0.0801989 -0.996779 6.12323e-17
1 1 5 11 -18499.1 -797413 -6842.5 0.180519 -0.983571 6.12323e-17
1 1 5 12 -19076.5 -797600 -6842.5 0.428935 -0.903335 6.12323e-17
1 1 5 13 -19586 -797929 -6842.5 0.64812 -0.761538 6.12323e-17
1 1 5 14 -19992.8 -798379 -6842.5 0.823136 -0.567844 6.12323e-17
1 1 5 15 -20269.3 -798920 -6842.5 0.942057 -0.335452 6.12323e-17
1 1 5 16 -20396.5 -799513 -6842.5 0.996779 -0.0801989 6.12323e-17
1 1 5 17 -20365.8 -800119 -6842.5 0.983571 0.180519 6.12323e-17
1 1 5 18 -20179.3 -800697 -6842.5 0.903335 0.428935 6.12323e-17
1 1 5 19 -19849.6 -801206 -6842.5 0.761538 0.64812 6.12323e-17
1 1 5 20 -19399.4 -801613 -6842.5 0.567844 0.823136 6.12323e-17
1 1 5 21 -18859.2 -801889 -6842.5 0.335452 0.942057 6.12323e-17
1 1 5 22 -18265.9 -802016 -6842.5 0.0801989 0.996779 6.12323e-17
1 1 5 23 -17659.8 -801986 -6842.5 -0.180519 0.983571 6.12323e-17
1 1 5 24 -17082.4 -801799 -6842.5 -0.428935 0.903335 6.12323e-17
1 1 6 1 -16572.9 -801470 -6342.5 -0.64812 0.761538 6.12323e-17
1 1 6 2 -16166.1 -801019 -6342.5 -0.823136 0.567844 6.12323e-17
1 1 6 3 -15889.6 -800479 -6342.5 -0.942057 0.335452 6.12323e-17
1 1 6 4 -15762.4 -799886 -6342.5 -0.996779 0.0801989 6.12323e-17
1 1 6 5 -15793.1 -799280 -6342.5 -0.983571 -0.180519 6.12323e-17
1 1 6 6 -15979.7 -798702 -6342.5 -0.903335 -0.428935 6.12323e-17
1 1 6 7 -16309.3 -798193 -6342.5 -0.761538 -0.64812 6.12323e-17
1 1 6 8 -16759.5 -797786 -6342.5 -0.567844 -0.823136 6.12323e-17
1 1 6 9 -17299.7 -797510 -6342.5 -0.335452 -0.942057 6.12323e-17
1 1 6 10 -17893 -797382 -6342.5 -0.0801989 -0.996779 6.12323e-17
1 1 6 11 -18499.1 -797413 -6342.5 0.180519 -0.983571 6.12323e-17
1 1 6 12 -19076.5 -797600 -6342.5 0.428935 -0.903335 6.12323e-17
1 1 6 13 -19586 -797929 -6342.5 0.64812 -0.761538 6.12323e-17
1 1 6 14 -19992.8 -798379 -6342.5 0.823136 -0.567844 6.12323e-17
1 1 6 15 -20269.3 -798920 -6342.5 0.942057 -0.335452 6.12323e-17
1 1 6 16 -20396.5 -799513 -6342.5 0.996779 -0.0801989 6.12323e-17
1 1 6 17 -20365.8 -800119 -6342.5 0.983571 0.180519 6.12323e-17
1 1 6 18 -20179.3 -800697 -6342.5 0.903335 0.428935 6.12323e-17
1 1 6 19 -19849.6 -801206 -6342.5 0.761538 0.64812 6.12323e-17
1 1 6 20 -19399.4 -801613 -6342.5 0.567844 0.823136 6.12323e-17
1 1 6 21 -18859.2 -801889 -6342.5 0.335452 0.942057 6.12323e-17
1 1 6 22 -18265.9 -802016 -6342.5 0.0801989 0.996779 6.12323e-17
1 1 6 23 -17659.8 -801986 -6342.5 -0.180519 0.983571 6.12323e-17
1 1 6 24 -17082.4 -801799 -6342.5 -0.428935 0.903335 6.12323e-17
1 1 7 1 -16572.9 -801470 -5842.5 -0.64812 0.761538 6.12323e-17
1 1 7 2 -16166.1 -801019 -5842.5 -0.823136 0.567844 6.12323e-17
1 1 7 3 -15889.6 -800479 -5842.5 -0.942057 0.335452 6.12323e-17
1 1 7 4 -15762.4 -799886 -5842.5 -0.996779 0.0801989 6.12323e-17
1 1 7 5 -15793.1 -799280 -5842.5 -0.983571 -0.180519 6.12323e-17
1 1 7 6 -15979.7 -798702 -5842.5 -0.903335 -0.428935 6.12323e-17
1 1 7 7 -16309.3 -798193 -5842.5 -0.761538 -0.64812 6.12323e-17
1 1 7 8 -16759.5 -797786 -5842.5 -0.567844 -0.823136 6.12323e-17
1 1 7 9 -17299.7 -797510 -5842.5 -0.335452 -0.942057 6.12323e-17
1 1 7 10 -17893 -797382 -5842.5 -0.0801989 -0.996779 6.12323e-17
1 1 7 11 -18499.1 -797413 -5842.5 0.180519 -0.983571 6.12323e-17
1 1 7 12 -19076.5 -797600 -5842.5 0.428935 -0.903335 6.12323e-17
1 1 7 13 -19586 -797929 -5842.5 0.64812 -0.761538 6.12323e-17
1 1 7 14 -19992.8 -798379 -5842.5 0.823136 -0.567844 6.12323e-17
1 1 7 15 -20269.3 -798920 -5842.5 0.942057 -0.335452 6.12323e-17
1 1 7 16 -20396.5 -799513 -5842.5 0.996779 -0.0801989 6.12323e-17
1 1 7 17 -20365.8 -800119 -5842.5 0.983571 0.180519 6.12323e-17
1 1 7 18 -20179.3 -800697 -5842.5 0.903335 0.428935 6.12323e-17
1 1 7 19 -19849.6 -801206 -5842.5 0.761538 0.64812 6.12323e-17
1 1 7 20 -19399.4 -801613 -5842.5 0.567844 0.823136 6.12323e-17
1 1 7 21 -18859.2 -801889 -5842.5 0.335452 0.942057 6.12323e-17
1 1 7 22 -18265.9 -802016 -5842.5 0.0801989 0.996779 6.12323e-17
1 1 7 23 -17659.8 -801986 -5842.5 -0.180519 0.983571 6.12323e-17
1 1 7 24 -17082.4 -801799 -5842.5 -0.428935 0.903335 6.12323e-17
1 1 8 1 -16572.9 -801470 -5342.5 -0.64812 0.761538 6.12323e-17
1 1 8 2 -16166.1 -801019 -5342.5 -0.823136 0.567844 6.12323e-17
1 1 8 3 -15889.6 -800479 -5342.5 -0.942057 0.335452 6.12323e-17
1 1 8 4 -15762.4 -799886 -5342.5 -0.996779 0.0801989 6.12323e-17
1 1 8 5 -15793.1 -799280 -5342.5 -0.983571 -0.180519 6.12323e-17
1 1 8 6 -15979.7 -798702 -5342.5 -0.903335 -0.428935 6.12323e-17
1 1 8 7 -16309.3 -798193 -5342.5 -0.761538 -0.64812 6.12323e-17
1 1 8 8 -16759.5 -797786 -5342.5 -0.567844 -0.823136 6.12323e-17
1 1 8 9 -17299.7 -797510 -5342.5 -0.335452 -0.942057 6.12323e-17
1 1 8 10 -17893 -797382 -5342.5 -0.0801989 -0.996779 6.12323e-17
1 1 8 11 -18499.1 -797413 -5342.5 0.180519 -0.983571 6.12323e-17
1 1 8 12 -19076.5 -797600 -5342.5 0.428935 -0.903335 6.12323e-17
1 1 8 13 -19586 -797929 -5342.5 0.64812 -0.761538 6.12323e-17
1 1 8 14 -19992.8 -798379 -5342.5 0.823136 -0.567844 6.12323e-17
1 1 8 15 -20269.3 -798920 -5342.5 0.942057 -0.335452 6.12323e-17
1 1 8 16 -20396.5 -799513 -5342.5 0.996779 -0.0801989 6.12323e-17
1 1 8 17 -20365.8 -800119 -5342.5 0.983571 0.180519 6.12323e-17
1 1 8 18 -20179.3 -800697 -5342.5 0.903335 0.428935 6.12323e-17
1 1 8 19 -19849.6 -801206 -5342.5 0.761538 0.64812 6.12323e-17
1 1 8 20 -19399.4 -801613 -5342.5 0.567844 0.823136 6.12323e-17
1 1 8 21 -18859.2 -801889 -5342.5 0.335452 0.942057 6.12323e-17
1 1 8 22 -18265.9 -802016 -5342.5 0.0801989 0.996779 6.12323e-17
1 1 8 23 -17659.8 -801986 -5342.5 -0.180519 0.983571 6.12323e-17
1 1 8 24 -17082.4 -801799 -5342.5 -0.428935 0.903335 6.12323e-17
1 2 0 1 -15170.9 -804826 -4909 -6.95408e-17 -1.00805e-16 -1
1 2 0 2 -15170.9 -804826 -9276 0 0 1
1 2 0 3 -15761.3 -806122 -4909 -6.95408e-17 -1.00805e-16 -1
1 2 0 4 -15761.3 -806122 -9276 0 0 1
1 2 0 5 -17108.1 -804418 -4909 -1.22326e-16 5.82225e-18 -1
1 2 0 6 -17108.1 -804418 -9276 0 0 1
1 2 1 1 -13454 -806291 -8842.5 -0.64812 0.761538 6.12323e-17
1 2 1 2 -13047.2 -805841 -8842.5 -0.823136 0.567844 6.12323e-17
1 2 1 3 -12770.7 -805300 -8842.5 -0.942057 0.335452 6.12323e-17
1 2 1 4 -12643.5 -804707 -8842.5 -0.996779 0.0801989 6.12323e-17
1 2 1 5 -12674.2 -804101 -8842.5 -0.983571 -0.180519 6.12323e-17
1 2 1 6 -12860.7 -803523 -8842.5 -0.903335 -0.428935 6.12323e-17
1 2 1 7 -13190.4 -803014 -8842.5 -0.761538 -0.64812 6.12323e-17
1 2 1 8 -13640.6 -802607 -8842.5 -0.567844 -0.823136 6.12323e-17
1 2 1 9 -14180.8 -802331 -8842.5 -0.335452 -0.942057 6.12323e-17
1 2 1 10 -14774.1 -802204 -8842.5 -0.0801989 -0.996779 6.12323e-17
1 2 1 11 -15380.2 -802234 -8842.5 0.180519 -0.983571 6.12323e-17
1 2 1 12 -15957.6 -802421 -8842.5 0.428935 -0.903335 6.12323e-17
1 2 1 13 -16467.1 -802750 -8842.5 0.64812 -0.761538 6.12323e-17
1 2 1 14 -16873.9 -803201 -8842.5 0.823136 -0.567844 6.12323e-17
1 2 1 15 -17150.4 -803741 -8842.5 0.942057 -0.335452 6.12323e-17
1 2 1 16 -17277.6 -804334 -8842.5 0.996779 -0.0801989 6.12323e-17
1 2 1 17 -17246.9 -804940 -8842.5 0.983571 0.180519 6.12323e-17
1 2 1 18 -17060.3 -805518 -8842.5 0.903335 0.428935 6.12323e-17
1 2 1 19 -16730.7 -806027 -8842.5 0.761538 0.64812 6.12323e-17
1 2 1 20 -16280.5 -806434 -8842.5 0.567844 0.823136 6.12323e-17
1 2 1 21 -15740.3 -806710 -8842.5 0.335452 0.942057 6.12323e-17
1 2 1 22 -15147 -806838 -8842.5 0.0801989 0.996779 6.12323e-17
1 2 1 23 -14540.9 -806807 -8842.5 -0.180519 0.983571 6.12323e-17
1 2 1 24 -13963.5 -806620 -8842.5 -0.428935 0.903335 6.12323e-17
1 2 2 1 -13454 -806291 -8342.5 -0.64812 0.761538 6.12323e-17
1 2 2 2 -13047.2 -805841 -8342.5 -0.823136 0.567844 6.12323e-17
1 2 2 3 -12770.7 -805300 -8342.5 -0.942057 0.335452 6.12323e-17
1 2 2 4 -12643.5 -804707 -8342.5 -0.996779 0.0801989 6.12323e-17
1 2 2 5 -12674.2 -804101 -8342.5 -0.983571 -0.180519 6.12323e-17
1 2 2 6 -12860.7 -803523 -8342.5 -0.903335 -0.428935 6.12323e-17
1 2 2 7 -13190.4 -803014 -8342.5 -0.761538 -0.64812 6.12323e-17
1 2 2 8 -13640.6 -802607 -8342.5 -0.567844 -0.823136 6.12323e-17
1 2 2 9 -14180.8 -802331 -8342.5 -0.335452 -0.942057 6.12323e-17
1 2 2 10 -14774.1 -802204 -8342.5 -0.0801989 -0.996779 6.12323e-17
1 2 2 11 -15380.2 -802234 -8342.5 0.180519 -0.983571 6.12323e-17
1 2 2 12 -15957.6 -802421 -8342.5 0.428935 -0.903335 6.12323e-17
1 2 2 13 -16467.1 -802750 -8342.5 0.64812 -0.761538 6.12323e-17
1 2 2 14 -16873.9 -803201 -8342.5 0.823136 -0.567844 6.12323e-17
1 2 2 15 -17150.4 -803741 -8342.5 0.942057 -0.335452 6.12323e-17
1 2 2 16 -17277.6 -804334 -8342.5 0.996779 -0.0801989 6.12323e-17
1 2 2 17 -17246.9 -804940 -8342.5 0.983571 0.180519 6.12323e-17
1 2 2 18 -17060.3 -805518 -8342.5 0.903335 0.428935 6.12323e-17
1 2 2 19 -16730.7 -806027 -8342.5 0.761538 0.64812 6.12323e-17
1 2 2 20 -16280.5 -806434 -8342.5 0.567844 0.823136 6.12323e-17
1 2 2 21 -15740.3 -806710 -8342.5 0.335452 0.942057 6.12323e-17
1 2 2 22 -15147 -806838 -8342.5 0.0801989 0.996779 6.12323e-17
1 2 2 23 -14540.9 -806807 -8342.5 -0.180519 0.983571 6.12323e-17
1 2 2 24 -13963.5 -806620 -8342.5 -0.428935 0.903335 6.12323e-17
1 2 3 1 -13454 -806291 -7842.5 -0.64812 0.761538 6.12323e-17
1 2 3 2 -13047.2 -805841 -7842.5 -0.823136 0.567844 6.12323e-17
1 2 3 3 -12770.7 -805300 -7842.5 -0.942057 0.335452 6.12323e-17
1 2 3 4 -12643.5 -804707 -7842.5 -0.996779 0.0801989 6.12323e-17
1 2 3 5 -12674.2 -804101 -7842.5 -0.983571 -0.180519 6.12323e-17
1 2 3 6 -12860.7 -803523 -7842.5 -0.903335 -0.428935 6.12323e-17
1 2 3 7 -13190.4 -803014 -7842.5 -0.761538 -0.64812 6.12323e-17
1 2 3 8 -13640.6 -802607 -7842.5 -0.567844 -0.823136 6.12323e-17
1 2 3 9 -14180.8 -802331 -7842.5 -0.335452 -0.942057 6.12323e-17
1 2 3 10 -14774.1 -802204 -7842.5 -0.0801989 -0.996779 6.12323e-17
1 2 3 11 -15380.2 -802234 -7842.5 0.180519 -0.983571 6.12323e-17
1 2 3 12 -15957.6 -802421 -7842.5 0.428935 -0.903335 6.12323e-17
1 2 3 13 -16467.1 -802750 -7842.5 0.64812 -0.761538 6.12323e-17
1 2 3 14 -16873.9 -803201 -7842.5 0.823136 -0.567844 6.12323e-17
1 2 3 15 -17150.4 -803741 -7842.5 0.942057 -0.335452 6.12323e-17
1 2 3 16 -17277.6 -804334 -7842.5 0.996779 -0.0801989 6.12323e-17
1 2 3 17 -17246.9 -804940 -7842.5 0.983571 0.180519 6.12323e-17
1 2 3 18 -17060.3 -805518 -7842.5 0.903335 0.428935 6.12323e-17
1 2 3 19 -16730.7 -806027 -7842.5 0.761538 0.64812 6.12323e-17
1 2 3 20 -16280.5 -806434 -7842.5 0.567844 0.823136 6.12323e-17
1 2 3 21 -15740.3 -806710 -7842.5 0.335452 0.942057 6.12323e-17
1 2 3 22 -15147 -806838 -7842.5 0.0801989 0.996779 6.12323e-17
1 2 3 23 -14540.9 -806807 -7842.5 -0.180519 0.983571 6.12323e-17
1 2 3 24 -13963.5 -806620 -7842.5 -0.428935 0.903335 6.12323e-17
1 2 4 1 -13454 -806291 -7342.5 -0.64812 0.761538 6.12323e-17
1 2 4 2 -13047.2 -805841 -7342.5 -0.823136 0.567844 6.12323e-17
1 2 4 3 -12770.7 -805300 -7342.5 -0.942057 0.335452 6.12323e-17
1 2 4 4 -12643.5 -804707 -7342.5 -0.996779 0.0801989 6.12323e-17
1 2 4 5 -12674.2 -804101 -7342.5 -0.983571 -0.180519 6.12323e-17
1 2 4 6 -12860.7 -803523 -7342.5 -0.903335 -0.428935 6.12323e-17
1 2 4 7 -13190.4 -803014 -7342.5 -0.761538 -0.64812 6.12323e-17
1 2 4 8 -13640.6 -802607 -7342.5 -0.567844 -0.823136 6.12323e-17
1 2 4 9 -14180.8 -802331 -7342.5 -0.335452 -0.942057 6.12323e-17
1 2 4 10 -14774.1 -802204 -7342.5 -0.0801989 -0.996779 6.12323e-17
1 2 4 11 -15380.2 -802234 -7342.5 0.180519 -0.983571 6.12323e-17
1 2 4 12 -15957.6 -802421 -7342.5 0.428935 -0.903335 6.12323e-17
1 2 4 13 -16467.1 -802750 -7342.5 0.64812 -0.761538 6.12323e-17
1 2 4 14 -16873.9 -803201 -7342.5 0.823136 -0.567844 6.12323e-17
1 2 4 15 -17150.4 -803741 -7342.5 0.942057 -0.335452 6.12323e-17
1 2 4 16 -17277.6 -804334 -7342.5 0.996779 -0.0801989 6.12323e-17
1 2 4 17 -17246.9 -804940 -7342.5 0.983571 0.180519 6.12323e-17
1 2 4 18 -17060.3 -805518 -7342.5 0.903335 0.428935 6.12323e-17
1 2 4 19 -16730.7 -806027 -7342.5 0.761538 0.64812 6.12323e-17
1 2 4 20 -16280.5 -806434 -7342.5 0.567844 0.823136 6.12323e-17
1 2 4 21 -15740.3 -806710 -7342.5 0.335452 0.942057 6.12323e-17
1 2 4 22 -15147 -806838 -7342.5 0.0801989 0.996779 6.12323e-17
1 2 4 23 -14540.9 -806807 -7342.5 -0.180519 0.983571 6.12323e-17
1 2 4 24 -13963.5 -806620 -7342.5 -0.428935 0.903335 6.12323e-17
1 2 5 1 -13454 -806291 -6842.5 -0.64812 0.761538 6.12323e-17
1 2 5 2 -13047.2 -805841 -6842.5 -0.823136 0.567844 6.12323e-17
1 2 5 3 -12770.7 -805300 -6842.5 -0.942057 0.335452 6.12323e-17
1 2 5 4 -12643.5 -804707 -6842.5 -0.996779 0.0801989 6.12323e-17
1 2 5 5 -12674.2 -804101 -6842.5 -0.983571 -0.180519 6.12323e-17
1 2 5 6 -12860.7 -803523 -6842.5 -0.903335 -0.428935 6.12323e-17
1 2 5 7 -13190.4 -803014 -6842.5 -0.761538 -0.64812 6.12323e-17
1 2 5 8 -13640.6 -802607 -6842.5 -0.567844 -0.823136 6.12323e-17
1 2 5 9 -14180.8 -802331 -6842.5 -0.335452 -0.942057 6.12323e-17
1 2 5 10 -14774.1 -802204 -6842.5 -0.0801989 -0.996779 6.12323e-17
1 2 5 11 -15380.2 -802234 -6842.5 0.180519 -0.983571 6.12323e-17
1 2 5 12 -15957.6 -802421 -6842.5 0.428935 -0.903335 6.12323e-17
1 2 5 13 -16467.1 -802750 -6842.5 0.64812 -0.761538 6.12323e-17
1 2 5 14 -16873.9 -803201 -6842.5 0.823136 -0.567844 6.12323e-17
1 2 5 15 -17150.4 -803741 -6842.5 0.942057 -0.335452 6.12323e-17
1 2 5 16 -17277.6 -804334 -6842.5 0.996779 -0.0801989 6.12323e-17
1 2 5 17 -17246.9 -804940 -6842.5 0.983571 0.180519 6.12323e-17
1 2 5 18 -17060.3 -805518 -6842.5 0.903335 0.428935 6.12323e-17
1 2 5 19 -16730.7 -806027 -6842.5 0.761538 0.64812 6.12323e-17
1 2 5 20 -16280.5 -806434 -6842.5 0.567844 0.823136 6.12323e-17
1 2 5 21 -15740.3 -806710 -6842.5 0.335452 0.942057 6.12323e-17
1 2 5 22 -15147 -806838 -6842.5 0.0801989 0.996779 6.12323e-17
1 2 5 23 -14540.9 -806807 -6842.5 -0.180519 0.983571 6.12323e-17
1 2 5 24 -13963.5 -806620 -6842.5 -0.428935 0.903335 6.12323e-17
1 2 6 1 -13454 -806291 -6342.5 -0.64812 0.761538 6.12323e-17
1 2 6 2 -13047.2 -805841 -6342.5 -0.823136 0.567844 6.12323e-17
1 2 6 3 -12770.7 -805300 -6342.5 -0.942057 0.335452 6.12323e-17
1 2 6 4 -12643.5 -804707 -6342.5 -0.996779 0.0801989 6.12323e-17
1 2 6 5 -12674.2 -804101 -6342.5 -0.983571 -0.180519 6.12323e-17
1 2 6 6 -12860.7 -803523 -6342.5 -0.903335 -0.428935 6.12323e-17
1 2 6 7 -13190.4 -803014 -6342.5 -0.761538 -0.64812 6.12323e-17
1 2 6 8 -13640.6 -802607 -6342.5 -0.567844 -0.823136 6.12323e-17
1 2 6 9 -14180.8 -802331 -6342.5 -0.335452 -0.942057 6.12323e-17
1 2 6 10 -14774.1 -802204 -6342.5 -0.0801989 -0.996779 6.12323e-17
1 2 6 11 -15380.2 -802234 -6342.5 0.180519 -0.983571 6.12323e-17
1 2 6 12 -15957.6 -802421 -6342.5 0.428935 -0.903335 6.12323e-17
1 2 6 13 -16467.1 -802750 -6342.5 0.64812 -0.761538 6.12323e-17
1 2 6 14 -16873.9 -803201 -6342.5 0.823136 -0.567844 6.12323e-17
1 2 6 15 -17150.4 -803741 -6342.5 0.942057 -0.335452 6.12323e-17
1 2 6 16 -17277.6 -804334 -6342.5 0.996779 -0.0801989 6.12323e-17
1 2 6 17 -17246.9 -804940 -6342.5 0.983571 0.180519 6.12323e-17
1 2 6 18 -17060.3 -805518 -6342.5 0.903335 0.428935 6.12323e-17
1 2 6 19 -16730.7 -806027 -6342.5 0.761538 0.64812 6.12323e-17
1 2 6 20 -16280.5 -806434 -6342.5 0.567844 0.823136 6.12323e-17
1 2 6 21 -15740.3 -806710 -6342.5 0.335452 0.942057 6.12323e-17
1 2 6 22 -15147 -806838 -6342.5 0.0801989 0.996779 6.12323e-17
1 2 6 23 -14540.9 -806807 -6342.5 -0.180519 0.983571 6.12323e-17
1 2 6 24 -13963.5 -806620 -6342.5 -0.428935 0.903335 6.12323e-17
1 2 7 1 -13454 -806291 -5842.5 -0.64812 0.761538 6.12323e-17
1 2 7 2 -13047.2 -805841 -5842.5 -0.823136 0.567844 6.12323e-17
1 2 7 3 -12770.7 -805300 -5842.5 -0.942057 0.335452 6.12323e-17
1 2 7 4 -12643.5 -804707 -5842.5 -0.996779 0.0801989 6.12323e-17
1 2 7 5 -12674.2 -804101 -5842.5 -0.983571 -0.180519 6.12323e-17
1 2 7 6 -12860.7 -803523 -5842.5 -0.903335 -0.428935 6.12323e-17
1 2 7 7 -13190.4 -803014 -5842.5 -0.761538 -0.64812 6.12323e-17
1 2 7 8 -13640.6 -802607 -5842.5 -0.567844 -0.823136 6.12323e-17
1 2 7 9 -14180.8 -802331 -5842.5 -0.335452 -0.942057 6.12323e-17
1 2 7 10 -14774.1 -802204 -5842.5 -0.0801989 -0.996779 6.12323e-17
1 2 7 11 -15380.2 -802234 -5842.5 0.180519 -0.983571 6.12323e-17
1 2 7 12 -15957.6 -802421 -5842.5 0.428935 -0.903335 6.12323e-17
1 2 7 13 -16467.1 -802750 -5842.5 0.64812 -0.761538 6.12323e-17
1 2 7 14 -16873.9 -803201 -5842.5 0.823136 -0.567844 6.12323e-17
1 2 7 15 -17150.4 -803741 -5842.5 0.942057 -0.335452 6.12323e-17
1 2 7 16 -17277.6 -804334 -5842.5 0.996779 -0.0801989 6.12323e-17
1 2 7 17 -17246.9 -804940 -5842.5 0.983571 0.180519 6.12323e-17
1 2 7 18 -17060.3 -805518 -5842.5 0.903335 0.428935 6.12323e-17
1 2 7 19 -16730.7 -806027 -5842.5 0.761538 0.64812 6.12323e-17
1 2 7 20 -16280.5 -806434 -5842.5 0.567844 0.823136 6.12323e-17
1 2 7 21 -15740.3 -806710 -5842.5 0.335452 0.942057 6.12323e-17
1 2 7 22 -15147 -806838 -5842.5 0.0801989 0.996779 6.12323e-17
1 2 7 23 -14540.9 -806807 -5842.5 -0.180519 0.983571 6.12323e-17
1 2 7 24 -13963.5 -806620 -5842.5 -0.428935 0.903335 6.12323e-17
1 2 8 1 -13454 -806291 -5342.5 -0.64812 0.761538 6.12323e-17
1 2 8 2 -13047.2 -805841 -5342.5 -0.823136 0.567844 6.12323e-17
1 2 8 3 -12770.7 -805300 -5342.5 -0.942057 0.335452 6.12323e-17
1 2 8 4 -12643.5 -804707 -5342.5 -0.996779 0.0801989 6.12323e-17
1 2 8 5 -12674.2 -804101 -5342.5 -0.983571 -0.180519 6.12323e-17
1 2 8 6 -12860.7 -803523 -5342.5 -0.903335 -0.428935 6.12323e-17
1 2 8 7 -13190.4 -803014 -5342.5 -0.761538 -0.64812 6.12323e-17
1 2 8 8 -13640.6 -802607 -5342.5 -0.567844 -0.823136 6.12323e-17
1 2 8 9 -14180.8 -802331 -5342.5 -0.335452 -0.942057 6.12323e-17
1 2 8 10 -14774.1 -802204 -5342.5 -0.0801989 -0.996779 6.12323e-17
1 2 8 11 -15380.2 -802234 -5342.5 0.180519 -0.983571 6.12323e-17
1 2 8 12 -15957.6 -802421 -5342.5 0.428935 -0.903335 6.12323e-17
1 2 8 13 -16467.1 -802750 -5342.5 0.64812 -0.761538 6.12323e-17
1 2 8 14 -16873.9 -803201 -5342.5 0.823136 -0.567844 6.12323e-17
1 2 8 15 -17150.4 -803741 -5342.5 0.942057 -0.335452 6.12323e-17
1 2 8 16 -17277.6 -804334 -5342.5 0.996779 -0.0801989 6.12323e-17
1 2 8 17 -17246.9 -804940 -5342.5 0.983571 0.180519 6.12323e-17
1 2 8 18 -17060.3 -805518 -5342.5 0.903335 0.428935 6.12323e-17
1 2 8 19 -16730.7 -806027 -5342.5 0.761538 0.64812 6.12323e-17
1 2 8 20 -16280.5 -806434 -5342.5 0.567844 0.823136 6.12323e-17
1 2 8 21 -15740.3 -806710 -5342.5 0.335452 0.942057 6.12323e-17
1 2 8 22 -15147 -806838 -5342.5 0.0801989 0.996779 6.12323e-17
1 2 8 23 -14540.9 -806807 -5342.5 -0.180519 0.983571 6.12323e-17
1 2 8 24 -13963.5 -806620 -5342.5 -0.428935 0.903335 6.12323e-17
