4 5 1 1 1 -418426 813556 -4898 0.870785 0.491664 6.12323e-17
4 5 1 2 1 -418426 813556 -1926 0.870785 0.491664 6.12323e-17
4 5 1 3 1 -418426 813556 1046 0.870785 0.491664 6.12323e-17
4 5 1 4 1 -417812 812468 -5045 0.870785 0.491664 6.12323e-17
4 5 1 5 1 -417812 812468 -2823 0.870785 0.491664 6.12323e-17
4 5 1 6 1 -417812 812468 -601 0.870785 0.491664 6.12323e-17
4 5 1 7 1 -417812 812468 2371 0.870785 0.491664 6.12323e-17
4 5 1 8 1 -417099 811205 -4898 0.870785 0.491664 6.12323e-17
4 5 1 9 1 -417099 811205 -1926 0.870785 0.491664 6.12323e-17
4 5 1 10 1 -417099 811205 1046 0.870785 0.491664 6.12323e-17
4 5 1 11 1 -416386 809943 -5045 0.870785 0.491664 6.12323e-17
4 5 1 12 1 -416386 809943 -2823 0.870785 0.491664 6.12323e-17
4 5 1 13 1 -416386 809943 -601 0.870785 0.491664 6.12323e-17
4 5 1 14 1 -416386 809943 2371 0.870785 0.491664 6.12323e-17
4 5 1 15 1 -415673 808680 -4898 0.870785 0.491664 6.12323e-17
4 5 1 16 1 -415673 808680 -1926 0.870785 0.491664 6.12323e-17
4 5 1 17 1 -415673 808680 1046 0.870785 0.491664 6.12323e-17
4 5 1 18 1 -414960 807417 -5045 0.870785 0.491664 6.12323e-17
4 5 1 19 1 -414960 807417 -2823 0.870785 0.491664 6.12323e-17
4 5 1 20 1 -414960 807417 -601 0.870785 0.491664 6.12323e-17
4 5 1 21 1 -414960 807417 2371 0.870785 0.491664 6.12323e-17
4 5 1 22 1 -414345 806329 -4898 0.870785 0.491664 6.12323e-17
4 5 1 23 1 -414345 806329 -1926 0.870785 0.491664 6.12323e-17
4 5 1 24 1 -414345 806329 1046 0.870785 0.491664 6.12323e-17
4 5 2 1 1 -413447 805895 -5045 0.268079 0.963397 6.12323e-17
4 5 2 2 1 -413447 805895 -2823 0.268079 0.963397 6.12323e-17
4 5 2 3 1 -413447 805895 -601 0.268079 0.963397 6.12323e-17
4 5 2 4 1 -413447 805895 2371 0.268079 0.963397 6.12323e-17
4 5 2 5 1 -412050 805506 -5045 0.268079 0.963397 6.12323e-17
4 5 2 6 1 -412050 805506 -2823 0.268079 0.963397 6.12323e-17
4 5 2 7 1 -412050 805506 -601 0.268079 0.963397 6.12323e-17
4 5 2 8 1 -412050 805506 2371 0.268079 0.963397 6.12323e-17
4 5 3 1 1 -411056 805414 -4898 -0.491664 0.870785 6.12323e-17
4 5 3 2 1 -411056 805414 -1926 -0.491664 0.870785 6.12323e-17
4 5 3 3 1 -411056 805414 1046 -0.491664 0.870785 6.12323e-17
4 5 3 4 1 -409968 806028 -5045 -0.491664 0.870785 6.12323e-17
4 5 3 5 1 -409968 806028 -2823 -0.491664 0.870785 6.12323e-17
4 5 3 6 1 -409968 806028 -601 -0.491664 0.870785 6.12323e-17
4 5 3 7 1 -409968 806028 2371 -0.491664 0.870785 6.12323e-17
4 5 3 8 1 -408705 806741 -4898 -0.491664 0.870785 6.12323e-17
4 5 3 9 1 -408705 806741 -1926 -0.491664 0.870785 6.12323e-17
4 5 3 10 1 -408705 806741 1046 -0.491664 0.870785 6.12323e-17
4 5 3 11 1 -407443 807454 -5045 -0.491664 0.870785 6.12323e-17
4 5 3 12 1 -407443 807454 -2823 -0.491664 0.870785 6.12323e-17
4 5 3 13 1 -407443 807454 -601 -0.491664 0.870785 6.12323e-17
4 5 3 14 1 -407443 807454 2371 -0.491664 0.870785 6.12323e-17
4 5 3 15 1 -406180 808167 -4898 -0.491664 0.870785 6.12323e-17
4 5 3 16 1 -406180 808167 -1926 -0.491664 0.870785 6.12323e-17
4 5 3 17 1 -406180 808167 1046 -0.491664 0.870785 6.12323e-17
4 5 3 18 1 -404917 808880 -5045 -0.491664 0.870785 6.12323e-17
4 5 3 19 1 -404917 808880 -2823 -0.491664 0.870785 6.12323e-17
4 5 3 20 1 -404917 808880 -601 -0.491664 0.870785 6.12323e-17
4 5 3 21 1 -404917 808880 2371 -0.491664 0.870785 6.12323e-17
4 5 3 22 1 -403829 809495 -4898 -0.491664 0.870785 6.12323e-17
4 5 3 23 1 -403829 809495 -1926 -0.491664 0.870785 6.12323e-17
4 5 3 24 1 -403829 809495 1046 -0.491664 0.870785 6.12323e-17
4 5 4 1 1 -403395 810393 -5045 -0.963397 0.268079 6.12323e-17
4 5 4 2 1 -403395 810393 -2823 -0.963397 0.268079 6.12323e-17
4 5 4 3 1 -403395 810393 -601 -0.963397 0.268079 6.12323e-17
4 5 4 4 1 -403395 810393 2371 -0.963397 0.268079 6.12323e-17
4 5 4 5 1 -403006 811790 -5045 -0.963397 0.268079 6.12323e-17
4 5 4 6 1 -403006 811790 -2823 -0.963397 0.268079 6.12323e-17
4 5 4 7 1 -403006 811790 -601 -0.963397 0.268079 6.12323e-17
4 5 4 8 1 -403006 811790 2371 -0.963397 0.268079 6.12323e-17
4 5 5 1 1 -402914 812784 -4898 -0.870785 -0.491664 6.12323e-17
4 5 5 2 1 -402914 812784 -1926 -0.870785 -0.491664 6.12323e-17
4 5 5 3 1 -402914 812784 1046 -0.870785 -0.491664 6.12323e-17
4 5 5 4 1 -403528 813872 -5045 -0.870785 -0.491664 6.12323e-17
4 5 5 5 1 -403528 813872 -2823 -0.870785 -0.491664 6.12323e-17
4 5 5 6 1 -403528 813872 -601 -0.870785 -0.491664 6.12323e-17
4 5 5 7 1 -403528 813872 2371 -0.870785 -0.491664 6.12323e-17
4 5 5 8 1 -404241 815135 -4898 -0.870785 -0.491664 6.12323e-17
4 5 5 9 1 -404241 815135 -1926 -0.870785 -0.491664 6.12323e-17
4 5 5 10 1 -404241 815135 1046 -0.870785 -0.491664 6.12323e-17
4 5 5 11 1 -404954 816397 -5045 -0.870785 -0.491664 6.12323e-17
4 5 5 12 1 -404954 816397 -2823 -0.870785 -0.491664 6.12323e-17
4 5 5 13 1 -404954 816397 -601 -0.870785 -0.491664 6.12323e-17
4 5 5 14 1 -404954 816397 2371 -0.870785 -0.491664 6.12323e-17
4 5 5 15 1 -405667 817660 -4898 -0.870785 -0.491664 6.12323e-17
4 5 5 16 1 -405667 817660 -1926 -0.870785 -0.491664 6.12323e-17
4 5 5 17 1 -405667 817660 1046 -0.870785 -0.491664 6.12323e-17
4 5 5 18 1 -406380 818923 -5045 -0.870785 -0.491664 6.12323e-17
4 5 5 19 1 -406380 818923 -2823 -0.870785 -0.491664 6.12323e-17
4 5 5 20 1 -406380 818923 -601 -0.870785 -0.491664 6.12323e-17
4 5 5 21 1 -406380 818923 2371 -0.870785 -0.491664 6.12323e-17
4 5 5 22 1 -406995 820011 -4898 -0.870785 -0.491664 6.12323e-17
4 5 5 23 1 -406995 820011 -1926 -0.870785 -0.491664 6.12323e-17
4 5 5 24 1 -406995 820011 1046 -0.870785 -0.491664 6.12323e-17
4 5 6 1 1 -407893 820445 -5045 -0.268079 -0.963397 6.12323e-17
4 5 6 2 1 -407893 820445 -2823 -0.268079 -0.963397 6.12323e-17
4 5 6 3 1 -407893 820445 -601 -0.268079 -0.963397 6.12323e-17
4 5 6 4 1 -407893 820445 2371 -0.268079 -0.963397 6.12323e-17
4 5 6 5 1 -409290 820834 -5045 -0.268079 -0.963397 6.12323e-17
4 5 6 6 1 -409290 820834 -2823 -0.268079 -0.963397 6.12323e-17
4 5 6 7 1 -409290 820834 -601 -0.268079 -0.963397 6.12323e-17
4 5 6 8 1 -409290 820834 2371 -0.268079 -0.963397 6.12323e-17
4 5 7 1 1 -410284 820926 -4898 0.491664 -0.870785 6.12323e-17
4 5 7 2 1 -410284 820926 -1926 0.491664 -0.870785 6.12323e-17
4 5 7 3 1 -410284 820926 1046 0.491664 -0.870785 6.12323e-17
4 5 7 4 1 -411372 820312 -5045 0.491664 -0.870785 6.12323e-17
4 5 7 5 1 -411372 820312 -2823 0.491664 -0.870785 6.12323e-17
4 5 7 6 1 -411372 820312 -601 0.491664 -0.870785 6.12323e-17
4 5 7 7 1 -411372 820312 2371 0.491664 -0.870785 6.12323e-17
4 5 7 8 1 -412635 819599 -4898 0.491664 -0.870785 6.12323e-17
4 5 7 9 1 -412635 819599 -1926 0.491664 -0.870785 6.12323e-17
4 5 7 10 1 -412635 819599 1046 0.491664 -0.870785 6.12323e-17
4 5 7 11 1 -413897 818886 -5045 0.491664 -0.870785 6.12323e-17
4 5 7 12 1 -413897 818886 -2823 0.491664 -0.870785 6.12323e-17
4 5 7 13 1 -413897 818886 -601 0.491664 -0.870785 6.12323e-17
4 5 7 14 1 -413897 818886 2371 0.491664 -0.870785 6.12323e-17
4 5 7 15 1 -415160 818173 -4898 0.491664 -0.870785 6.12323e-17
4 5 7 16 1 -415160 818173 -1926 0.491664 -0.870785 6.12323e-17
4 5 7 17 1 -415160 818173 1046 0.491664 -0.870785 6.12323e-17
4 5 7 18 1 -416423 817460 -5045 0.491664 -0.870785 6.12323e-17
4 5 7 19 1 -416423 817460 -2823 0.491664 -0.870785 6.12323e-17
4 5 7 20 1 -416423 817460 -601 0.491664 -0.870785 6.12323e-17
4 5 7 21 1 -416423 817460 2371 0.491664 -0.870785 6.12323e-17
4 5 7 22 1 -417511 816845 -4898 0.491664 -0.870785 6.12323e-17
4 5 7 23 1 -417511 816845 -1926 0.491664 -0.870785 6.12323e-17
4 5 7 24 1 -417511 816845 1046 0.491664 -0.870785 6.12323e-17
4 5 8 1 1 -417945 815947 -5045 0.963397 -0.268079 6.12323e-17
4 5 8 2 1 -417945 815947 -2823 0.963397 -0.268079 6.12323e-17
4 5 8 3 1 -417945 815947 -601 0.963397 -0.268079 6.12323e-17
4 5 8 4 1 -417945 815947 2371 0.963397 -0.268079 6.12323e-17
4 5 8 5 1 -418334 814550 -5045 0.963397 -0.268079 6.12323e-17
4 5 8 6 1 -418334 814550 -2823 0.963397 -0.268079 6.12323e-17
4 5 8 7 1 -418334 814550 -601 0.963397 -0.268079 6.12323e-17
4 5 8 8 1 -418334 814550 2371 0.963397 -0.268079 6.12323e-17
4 5 9 1 1 -409029 809044 -5824 0 0 1
4 5 9 2 1 -408169 807520 -5824 0 0 1
4 5 9 3 1 -411129 805848 -5824 0 0 1
4 5 9 4 1 -412668 805990 -5824 0 0 1
4 5 9 5 1 -414059 806663 -5824 0 0 1
4 5 9 6 1 -414206 810484 -5824 0 0 1
4 5 9 7 1 -415730 809624 -5824 0 0 1
4 5 9 8 1 -406544 814811 -5824 0 0 1
4 5 9 9 1 -405020 815671 -5824 0 0 1
4 5 9 10 1 -403348 812711 -5824 0 0 1
4 5 9 11 1 -403490 811172 -5824 0 0 1
4 5 9 12 1 -404163 809781 -5824 0 0 1
4 5 9 13 1 -407984 809634 -5824 0 0 1
4 5 9 14 1 -407124 808110 -5824 0 0 1
4 5 9 15 1 -412311 817296 -5824 0 0 1
4 5 9 16 1 -413171 818820 -5824 0 0 1
4 5 9 17 1 -410211 820492 -5824 0 0 1
4 5 9 18 1 -408672 820350 -5824 0 0 1
4 5 9 19 1 -407281 819677 -5824 0 0 1
4 5 9 20 1 -407134 815856 -5824 0 0 1
4 5 9 21 1 -405610 816716 -5824 0 0 1
4 5 9 22 1 -414796 811529 -5824 0 0 1
4 5 9 23 1 -416320 810669 -5824 0 0 1
4 5 9 24 1 -417992 813629 -5824 0 0 1
4 5 9 25 1 -417850 815168 -5824 0 0 1
4 5 9 26 1 -417177 816559 -5824 0 0 1
4 5 9 27 1 -413356 816706 -5824 0 0 1
4 5 9 28 1 -414216 818230 -5824 0 0 1
4 5 9 29 1 -411192 812875 -5824 0 0 1
4 5 9 30 1 -410148 813465 -5824 0 0 1
4 5 9 31 1 -410375 812648 -5824 0 0 1
4 5 9 32 1 -410965 813692 -5824 0 0 1
4 6 1 1 0 -414979 805971 -6297 -0.870785 -0.491664 -6.12323e-17
4 6 1 2 0 -414979 805971 -4075 -0.870785 -0.491664 -6.12323e-17
4 6 1 3 0 -414979 805971 -1853 -0.870785 -0.491664 -6.12323e-17
4 6 1 4 0 -414979 805971 1119 -0.870785 -0.491664 -6.12323e-17
4 6 1 5 0 -416307 808322 -6297 -0.870785 -0.491664 -6.12323e-17
4 6 1 6 0 -416307 808322 -4075 -0.870785 -0.491664 -6.12323e-17
4 6 1 7 0 -416307 808322 -1853 -0.870785 -0.491664 -6.12323e-17
4 6 1 8 0 -416307 808322 1119 -0.870785 -0.491664 -6.12323e-17
4 6 1 9 0 -417733 810847 -6297 -0.870785 -0.491664 -6.12323e-17
4 6 1 10 0 -417733 810847 -4075 -0.870785 -0.491664 -6.12323e-17
4 6 1 11 0 -417733 810847 -1853 -0.870785 -0.491664 -6.12323e-17
4 6 1 12 0 -417733 810847 1119 -0.870785 -0.491664 -6.12323e-17
4 6 1 13 0 -419060 813199 -6297 -0.870785 -0.491664 -6.12323e-17
4 6 1 14 0 -419060 813199 -4075 -0.870785 -0.491664 -6.12323e-17
4 6 1 15 0 -419060 813199 -1853 -0.870785 -0.491664 -6.12323e-17
4 6 1 16 0 -419060 813199 1119 -0.870785 -0.491664 -6.12323e-17
4 6 2 1 0 -412245 804806 -6297 -0.268079 -0.963397 6.12323e-17
4 6 2 2 0 -412245 804806 -4075 -0.268079 -0.963397 6.12323e-17
4 6 2 3 0 -412245 804806 -1853 -0.268079 -0.963397 6.12323e-17
4 6 2 4 0 -412245 804806 1119 -0.268079 -0.963397 6.12323e-17
4 6 2 5 0 -413642 805195 -6297 -0.268079 -0.963397 6.12323e-17
4 6 2 6 0 -413642 805195 -4075 -0.268079 -0.963397 6.12323e-17
4 6 2 7 0 -413642 805195 -1853 -0.268079 -0.963397 6.12323e-17
4 6 2 8 0 -413642 805195 1119 -0.268079 -0.963397 6.12323e-17
4 6 3 1 0 -403471 808861 -6297 0.491664 -0.870785 -6.12323e-17
4 6 3 2 0 -403471 808861 -4075 0.491664 -0.870785 -6.12323e-17
4 6 3 3 0 -403471 808861 -1853 0.491664 -0.870785 -6.12323e-17
4 6 3 4 0 -403471 808861 1119 0.491664 -0.870785 -6.12323e-17
4 6 3 5 0 -405822 807533 -6297 0.491664 -0.870785 -6.12323e-17
4 6 3 6 0 -405822 807533 -4075 0.491664 -0.870785 -6.12323e-17
4 6 3 7 0 -405822 807533 -1853 0.491664 -0.870785 -6.12323e-17
4 6 3 8 0 -405822 807533 1119 0.491664 -0.870785 -6.12323e-17
4 6 3 9 0 -408347 806107 -6297 0.491664 -0.870785 -6.12323e-17
4 6 3 10 0 -408347 806107 -4075 0.491664 -0.870785 -6.12323e-17
4 6 3 11 0 -408347 806107 -1853 0.491664 -0.870785 -6.12323e-17
4 6 3 12 0 -408347 806107 1119 0.491664 -0.870785 -6.12323e-17
4 6 3 13 0 -410699 804780 -6297 0.491664 -0.870785 -6.12323e-17
4 6 3 14 0 -410699 804780 -4075 0.491664 -0.870785 -6.12323e-17
4 6 3 15 0 -410699 804780 -1853 0.491664 -0.870785 -6.12323e-17
4 6 3 16 0 -410699 804780 1119 0.491664 -0.870785 -6.12323e-17
4 6 4 1 0 -402306 811595 -6297 0.963397 -0.268079 6.12323e-17
4 6 4 2 0 -402306 811595 -4075 0.963397 -0.268079 6.12323e-17
4 6 4 3 0 -402306 811595 -1853 0.963397 -0.268079 6.12323e-17
4 6 4 4 0 -402306 811595 1119 0.963397 -0.268079 6.12323e-17
4 6 4 5 0 -402695 810198 -6297 0.963397 -0.268079 6.12323e-17
4 6 4 6 0 -402695 810198 -4075 0.963397 -0.268079 6.12323e-17
4 6 4 7 0 -402695 810198 -1853 0.963397 -0.268079 6.12323e-17
4 6 4 8 0 -402695 810198 1119 0.963397 -0.268079 6.12323e-17
4 6 5 1 0 -406361 820369 -6297 0.870785 0.491664 -6.12323e-17
4 6 5 2 0 -406361 820369 -4075 0.870785 0.491664 -6.12323e-17
4 6 5 3 0 -406361 820369 -1853 0.870785 0.491664 -6.12323e-17
4 6 5 4 0 -406361 820369 1119 0.870785 0.491664 -6.12323e-17
4 6 5 5 0 -405033 818018 -6297 0.870785 0.491664 -6.12323e-17
4 6 5 6 0 -405033 818018 -4075 0.870785 0.491664 -6.12323e-17
4 6 5 7 0 -405033 818018 -1853 0.870785 0.491664 -6.12323e-17
4 6 5 8 0 -405033 818018 1119 0.870785 0.491664 -6.12323e-17
4 6 5 9 0 -403607 815493 -6297 0.870785 0.491664 -6.12323e-17
4 6 5 10 0 -403607 815493 -4075 0.870785 0.491664 -6.12323e-17
4 6 5 11 0 -403607 815493 -1853 0.870785 0.491664 -6.12323e-17
4 6 5 12 0 -403607 815493 1119 0.870785 0.491664 -6.12323e-17
4 6 5 13 0 -402280 813141 -6297 0.870785 0.491664 -6.12323e-17
4 6 5 14 0 -402280 813141 -4075 0.870785 0.491664 -6.12323e-17
4 6 5 15 0 -402280 813141 -1853 0.870785 0.491664 -6.12323e-17
4 6 5 16 0 -402280 813141 1119 0.870785 0.491664 -6.12323e-17
4 6 6 1 0 -409095 821534 -6297 0.268079 0.963397 6.12323e-17
4 6 6 2 0 -409095 821534 -4075 0.268079 0.963397 6.12323e-17
4 6 6 3 0 -409095 821534 -1853 0.268079 0.963397 6.12323e-17
4 6 6 4 0 -409095 821534 1119 0.268079 0.963397 6.12323e-17
4 6 6 5 0 -407698 821145 -6297 0.268079 0.963397 6.12323e-17
4 6 6 6 0 -407698 821145 -4075 0.268079 0.963397 6.12323e-17
4 6 6 7 0 -407698 821145 -1853 0.268079 0.963397 6.12323e-17
4 6 6 8 0 -407698 821145 1119 0.268079 0.963397 6.12323e-17
4 6 7 1 0 -417869 817479 -6297 -0.491664 0.870785 -6.12323e-17
4 6 7 2 0 -417869 817479 -4075 -0.491664 0.870785 -6.12323e-17
4 6 7 3 0 -417869 817479 -1853 -0.491664 0.870785 -6.12323e-17
4 6 7 4 0 -417869 817479 1119 -0.491664 0.870785 -6.12323e-17
4 6 7 5 0 -415518 818807 -6297 -0.491664 0.870785 -6.12323e-17
4 6 7 6 0 -415518 818807 -4075 -0.491664 0.870785 -6.12323e-17
4 6 7 7 0 -415518 818807 -1853 -0.491664 0.870785 -6.12323e-17
4 6 7 8 0 -415518 818807 1119 -0.491664 0.870785 -6.12323e-17
4 6 7 9 0 -412993 820233 -6297 -0.491664 0.870785 -6.12323e-17
4 6 7 10 0 -412993 820233 -4075 -0.491664 0.870785 -6.12323e-17
4 6 7 11 0 -412993 820233 -1853 -0.491664 0.870785 -6.12323e-17
4 6 7 12 0 -412993 820233 1119 -0.491664 0.870785 -6.12323e-17
4 6 7 13 0 -410641 821560 -6297 -0.491664 0.870785 -6.12323e-17
4 6 7 14 0 -410641 821560 -4075 -0.491664 0.870785 -6.12323e-17
4 6 7 15 0 -410641 821560 -1853 -0.491664 0.870785 -6.12323e-17
4 6 7 16 0 -410641 821560 1119 -0.491664 0.870785 -6.12323e-17
4 6 8 1 0 -419034 814745 -6297 -0.963397 0.268079 6.12323e-17
4 6 8 2 0 -419034 814745 -4075 -0.963397 0.268079 6.12323e-17
4 6 8 3 0 -419034 814745 -1853 -0.963397 0.268079 6.12323e-17
4 6 8 4 0 -419034 814745 1119 -0.963397 0.268079 6.12323e-17
4 6 8 5 0 -418645 816142 -6297 -0.963397 0.268079 6.12323e-17
4 6 8 6 0 -418645 816142 -4075 -0.963397 0.268079 6.12323e-17
4 6 8 7 0 -418645 816142 -1853 -0.963397 0.268079 6.12323e-17
4 6 8 8 0 -418645 816142 1119 -0.963397 0.268079 6.12323e-17
4 6 1 1 1 -419301 813063 -6797 0.870785 0.491664 6.12323e-17
4 6 1 2 1 -419301 813063 -4200 0.870785 0.491664 6.12323e-17
4 6 1 3 1 -419301 813063 -1228 0.870785 0.491664 6.12323e-17
4 6 1 4 1 -419301 813063 1744 0.870785 0.491664 6.12323e-17
4 6 1 5 1 -417973 810712 -6797 0.870785 0.491664 6.12323e-17
4 6 1 6 1 -417973 810712 -4200 0.870785 0.491664 6.12323e-17
4 6 1 7 1 -417973 810712 -1228 0.870785 0.491664 6.12323e-17
4 6 1 8 1 -417973 810712 1744 0.870785 0.491664 6.12323e-17
4 6 1 9 1 -416547 808186 -6797 0.870785 0.491664 6.12323e-17
4 6 1 10 1 -416547 808186 -4200 0.870785 0.491664 6.12323e-17
4 6 1 11 1 -416547 808186 -1228 0.870785 0.491664 6.12323e-17
4 6 1 12 1 -416547 808186 1744 0.870785 0.491664 6.12323e-17
4 6 1 13 1 -415220 805835 -6797 0.870785 0.491664 6.12323e-17
4 6 1 14 1 -415220 805835 -4200 0.870785 0.491664 6.12323e-17
4 6 1 15 1 -415220 805835 -1228 0.870785 0.491664 6.12323e-17
4 6 1 16 1 -415220 805835 1744 0.870785 0.491664 6.12323e-17
4 6 2 1 1 -414126 805042 -6797 0.268079 0.963397 6.12323e-17
4 6 2 2 1 -414126 805042 -4200 0.268079 0.963397 6.12323e-17
4 6 2 3 1 -414126 805042 -1228 0.268079 0.963397 6.12323e-17
4 6 2 4 1 -414126 805042 1744 0.268079 0.963397 6.12323e-17
4 6 2 5 1 -411910 804425 -6797 0.268079 0.963397 6.12323e-17
4 6 2 6 1 -411910 804425 -4200 0.268079 0.963397 6.12323e-17
4 6 2 7 1 -411910 804425 -1228 0.268079 0.963397 6.12323e-17
4 6 2 8 1 -411910 804425 1744 0.268079 0.963397 6.12323e-17
4 6 3 1 1 -410563 804539 -6797 -0.491664 0.870785 6.12323e-17
4 6 3 2 1 -410563 804539 -4200 -0.491664 0.870785 6.12323e-17
4 6 3 3 1 -410563 804539 -1228 -0.491664 0.870785 6.12323e-17
4 6 3 4 1 -410563 804539 1744 -0.491664 0.870785 6.12323e-17
4 6 3 5 1 -408212 805867 -6797 -0.491664 0.870785 6.12323e-17
4 6 3 6 1 -408212 805867 -4200 -0.491664 0.870785 6.12323e-17
4 6 3 7 1 -408212 805867 -1228 -0.491664 0.870785 6.12323e-17
4 6 3 8 1 -408212 805867 1744 -0.491664 0.870785 6.12323e-17
4 6 3 9 1 -405686 807293 -6797 -0.491664 0.870785 6.12323e-17
4 6 3 10 1 -405686 807293 -4200 -0.491664 0.870785 6.12323e-17
4 6 3 11 1 -405686 807293 -1228 -0.491664 0.870785 6.12323e-17
4 6 3 12 1 -405686 807293 1744 -0.491664 0.870785 6.12323e-17
4 6 3 13 1 -403335 808620 -6797 -0.491664 0.870785 6.12323e-17
4 6 3 14 1 -403335 808620 -4200 -0.491664 0.870785 6.12323e-17
4 6 3 15 1 -403335 808620 -1228 -0.491664 0.870785 6.12323e-17
4 6 3 16 1 -403335 808620 1744 -0.491664 0.870785 6.12323e-17
4 6 4 1 1 -402542 809714 -6797 -0.963397 0.268079 6.12323e-17
4 6 4 2 1 -402542 809714 -4200 -0.963397 0.268079 6.12323e-17
4 6 4 3 1 -402542 809714 -1228 -0.963397 0.268079 6.12323e-17
4 6 4 4 1 -402542 809714 1744 -0.963397 0.268079 6.12323e-17
4 6 4 5 1 -401925 811930 -6797 -0.963397 0.268079 6.12323e-17
4 6 4 6 1 -401925 811930 -4200 -0.963397 0.268079 6.12323e-17
4 6 4 7 1 -401925 811930 -1228 -0.963397 0.268079 6.12323e-17
4 6 4 8 1 -401925 811930 1744 -0.963397 0.268079 6.12323e-17
4 6 5 1 1 -402039 813277 -6797 -0.870785 -0.491664 6.12323e-17
4 6 5 2 1 -402039 813277 -4200 -0.870785 -0.491664 6.12323e-17
4 6 5 3 1 -402039 813277 -1228 -0.870785 -0.491664 6.12323e-17
4 6 5 4 1 -402039 813277 1744 -0.870785 -0.491664 6.12323e-17
4 6 5 5 1 -403367 815628 -6797 -0.870785 -0.491664 6.12323e-17
4 6 5 6 1 -403367 815628 -4200 -0.870785 -0.491664 6.12323e-17
4 6 5 7 1 -403367 815628 -1228 -0.870785 -0.491664 6.12323e-17
4 6 5 8 1 -403367 815628 1744 -0.870785 -0.491664 6.12323e-17
4 6 5 9 1 -404793 818154 -6797 -0.870785 -0.491664 6.12323e-17
4 6 5 10 1 -404793 818154 -4200 -0.870785 -0.491664 6.12323e-17
4 6 5 11 1 -404793 818154 -1228 -0.870785 -0.491664 6.12323e-17
4 6 5 12 1 -404793 818154 1744 -0.870785 -0.491664 6.12323e-17
4 6 5 13 1 -406120 820505 -6797 -0.870785 -0.491664 6.12323e-17
4 6 5 14 1 -406120 820505 -4200 -0.870785 -0.491664 6.12323e-17
4 6 5 15 1 -406120 820505 -1228 -0.870785 -0.491664 6.12323e-17
4 6 5 16 1 -406120 820505 1744 -0.870785 -0.491664 6.12323e-17
4 6 6 1 1 -407214 821298 -6797 -0.268079 -0.963397 6.12323e-17
4 6 6 2 1 -407214 821298 -4200 -0.268079 -0.963397 6.12323e-17
4 6 6 3 1 -407214 821298 -1228 -0.268079 -0.963397 6.12323e-17
4 6 6 4 1 -407214 821298 1744 -0.268079 -0.963397 6.12323e-17
4 6 6 5 1 -409430 821915 -6797 -0.268079 -0.963397 6.12323e-17
4 6 6 6 1 -409430 821915 -4200 -0.268079 -0.963397 6.12323e-17
4 6 6 7 1 -409430 821915 -1228 -0.268079 -0.963397 6.12323e-17
4 6 6 8 1 -409430 821915 1744 -0.268079 -0.963397 6.12323e-17
4 6 7 1 1 -410777 821801 -6797 0.491664 -0.870785 6.12323e-17
4 6 7 2 1 -410777 821801 -4200 0.491664 -0.870785 6.12323e-17
4 6 7 3 1 -410777 821801 -1228 0.491664 -0.870785 6.12323e-17
4 6 7 4 1 -410777 821801 1744 0.491664 -0.870785 6.12323e-17
4 6 7 5 1 -413128 820473 -6797 0.491664 -0.870785 6.12323e-17
4 6 7 6 1 -413128 820473 -4200 0.491664 -0.870785 6.12323e-17
4 6 7 7 1 -413128 820473 -1228 0.491664 -0.870785 6.12323e-17
4 6 7 8 1 -413128 820473 1744 0.491664 -0.870785 6.12323e-17
4 6 7 9 1 -415654 819047 -6797 0.491664 -0.870785 6.12323e-17
4 6 7 10 1 -415654 819047 -4200 0.491664 -0.870785 6.12323e-17
4 6 7 11 1 -415654 819047 -1228 0.491664 -0.870785 6.12323e-17
4 6 7 12 1 -415654 819047 1744 0.491664 -0.870785 6.12323e-17
4 6 7 13 1 -418005 817720 -6797 0.491664 -0.870785 6.12323e-17
4 6 7 14 1 -418005 817720 -4200 0.491664 -0.870785 6.12323e-17
4 6 7 15 1 -418005 817720 -1228 0.491664 -0.870785 6.12323e-17
4 6 7 16 1 -418005 817720 1744 0.491664 -0.870785 6.12323e-17
4 6 8 1 1 -418798 816626 -6797 0.963397 -0.268079 6.12323e-17
4 6 8 2 1 -418798 816626 -4200 0.963397 -0.268079 6.12323e-17
4 6 8 3 1 -418798 816626 -1228 0.963397 -0.268079 6.12323e-17
4 6 8 4 1 -418798 816626 1744 0.963397 -0.268079 6.12323e-17
4 6 8 5 1 -419415 814410 -6797 0.963397 -0.268079 6.12323e-17
4 6 8 6 1 -419415 814410 -4200 0.963397 -0.268079 6.12323e-17
4 6 8 7 1 -419415 814410 -1228 0.963397 -0.268079 6.12323e-17
4 6 8 8 1 -419415 814410 1744 0.963397 -0.268079 6.12323e-17
4 6 9 1 1 -408734 808521 -6828 0 0 1
4 6 9 2 1 -407579 806475 -6828 0 0 1
4 6 9 3 1 -410539 804803 -6828 0 0 1
4 6 9 4 1 -412945 804995 -6828 0 0 1
4 6 9 5 1 -415104 806073 -6828 0 0 1
4 6 9 6 1 -416775 809034 -6828 0 0 1
4 6 9 7 1 -414729 810189 -6828 0 0 1
4 6 9 8 1 -406021 815106 -6828 0 0 1
4 6 9 9 1 -403975 816261 -6828 0 0 1
4 6 9 10 1 -402303 813301 -6828 0 0 1
4 6 9 11 1 -402495 810895 -6828 0 0 1
4 6 9 12 1 -403573 808736 -6828 0 0 1
4 6 9 13 1 -406534 807065 -6828 0 0 1
4 6 9 14 1 -407689 809111 -6828 0 0 1
4 6 9 15 1 -412606 817819 -6828 0 0 1
4 6 9 16 1 -413761 819865 -6828 0 0 1
4 6 9 17 1 -410801 821537 -6828 0 0 1
4 6 9 18 1 -408395 821345 -6828 0 0 1
4 6 9 19 1 -406236 820267 -6828 0 0 1
4 6 9 20 1 -404565 817306 -6828 0 0 1
4 6 9 21 1 -406611 816151 -6828 0 0 1
4 6 9 22 1 -415319 811234 -6828 0 0 1
4 6 9 23 1 -417365 810079 -6828 0 0 1
4 6 9 24 1 -419037 813039 -6828 0 0 1
4 6 9 25 1 -418845 815445 -6828 0 0 1
4 6 9 26 1 -417767 817604 -6828 0 0 1
4 6 9 27 1 -414806 819275 -6828 0 0 1
4 6 9 28 1 -413651 817229 -6828 0 0 1
4 6 9 29 1 -412152 809692 -6828 0 0 1
4 6 9 30 1 -414413 813698 -6828 0 0 1
4 6 9 31 1 -406927 812642 -6828 0 0 1
4 6 9 32 1 -409188 816648 -6828 0 0 1
