1	1	1	0	1	-18289.8	-800004	-4909	-6.95408E-017	-1.00805E-016	-1
2	1	1	0	2	-18289.8	-800004	-9276	0	0	1
3	1	1	0	3	-18880.2	-801300	-4909	-6.95408E-017	-1.00805E-016	-1
4	1	1	0	4	-18880.2	-801300	-9276	0	0	1
5	1	1	0	5	-20227	-799597	-4909	-1.22326E-016	5.82225E-018	-1
6	1	1	0	6	-20227	-799597	-9276	0	0	1
7	1	1	1	1	-16572.9	-801470	-8842.5	-0.64812	0.761538	6.12323E-017
8	1	1	1	2	-16166.1	-801019	-8842.5	-0.823136	0.567844	6.12323E-017
9	1	1	1	3	-15889.6	-800479	-8842.5	-0.942057	0.335452	6.12323E-017
10	1	1	1	4	-15762.4	-799886	-8842.5	-0.996779	0.0801989	6.12323E-017
11	1	1	1	5	-15793.1	-799280	-8842.5	-0.983571	-0.180519	6.12323E-017
12	1	1	1	6	-15979.7	-798702	-8842.5	-0.903335	-0.428935	6.12323E-017
13	1	1	1	7	-16309.3	-798193	-8842.5	-0.761538	-0.64812	6.12323E-017
14	1	1	1	8	-16759.5	-797786	-8842.5	-0.567844	-0.823136	6.12323E-017
15	1	1	1	9	-17299.7	-797510	-8842.5	-0.335452	-0.942057	6.12323E-017
16	1	1	1	10	-17893	-797382	-8842.5	-0.0801989	-0.996779	6.12323E-017
17	1	1	1	11	-18499.1	-797413	-8842.5	0.180519	-0.983571	6.12323E-017
18	1	1	1	12	-19076.5	-797600	-8842.5	0.428935	-0.903335	6.12323E-017
19	1	1	1	13	-19586	-797929	-8842.5	0.64812	-0.761538	6.12323E-017
20	1	1	1	14	-19992.8	-798380	-8842.5	0.823136	-0.567844	6.12323E-017
21	1	1	1	15	-20269.3	-798920	-8842.5	0.942057	-0.335452	6.12323E-017
22	1	1	1	16	-20396.5	-799513	-8842.5	0.996779	-0.0801989	6.12323E-017
23	1	1	1	17	-20365.8	-800119	-8842.5	0.983571	0.180519	6.12323E-017
24	1	1	1	18	-20179.3	-800696	-8842.5	0.903335	0.428935	6.12323E-017
25	1	1	1	19	-19849.7	-801206	-8842.5	0.761538	0.64812	6.12323E-017
26	1	1	1	20	-19399.4	-801613	-8842.5	0.567844	0.823136	6.12323E-017
27	1	1	1	21	-18859.2	-801889	-8842.5	0.335452	0.942057	6.12323E-017
28	1	1	1	22	-18265.9	-802016	-8842.5	0.0801989	0.996779	6.12323E-017
29	1	1	1	23	-17659.8	-801986	-8842.5	-0.180519	0.983571	6.12323E-017
30	1	1	1	24	-17082.4	-801799	-8842.5	-0.428935	0.903335	6.12323E-017
31	1	1	2	1	-16572.9	-801470	-8342.5	-0.64812	0.761538	6.12323E-017
32	1	1	2	2	-16166.1	-801019	-8342.5	-0.823136	0.567844	6.12323E-017
33	1	1	2	3	-15889.6	-800479	-8342.5	-0.942057	0.335452	6.12323E-017
34	1	1	2	4	-15762.4	-799886	-8342.5	-0.996779	0.0801989	6.12323E-017
35	1	1	2	5	-15793.1	-799280	-8342.5	-0.983571	-0.180519	6.12323E-017
36	1	1	2	6	-15979.7	-798702	-8342.5	-0.903335	-0.428935	6.12323E-017
37	1	1	2	7	-16309.3	-798193	-8342.5	-0.761538	-0.64812	6.12323E-017
38	1	1	2	8	-16759.5	-797786	-8342.5	-0.567844	-0.823136	6.12323E-017
39	1	1	2	9	-17299.7	-797510	-8342.5	-0.335452	-0.942057	6.12323E-017
40	1	1	2	10	-17893	-797382	-8342.5	-0.0801989	-0.996779	6.12323E-017
41	1	1	2	11	-18499.1	-797413	-8342.5	0.180519	-0.983571	6.12323E-017
42	1	1	2	12	-19076.5	-797600	-8342.5	0.428935	-0.903335	6.12323E-017
43	1	1	2	13	-19586	-797929	-8342.5	0.64812	-0.761538	6.12323E-017
44	1	1	2	14	-19992.8	-798380	-8342.5	0.823136	-0.567844	6.12323E-017
45	1	1	2	15	-20269.3	-798920	-8342.5	0.942057	-0.335452	6.12323E-017
46	1	1	2	16	-20396.5	-799513	-8342.5	0.996779	-0.0801989	6.12323E-017
47	1	1	2	17	-20365.8	-800119	-8342.5	0.983571	0.180519	6.12323E-017
48	1	1	2	18	-20179.3	-800696	-8342.5	0.903335	0.428935	6.12323E-017
49	1	1	2	19	-19849.7	-801206	-8342.5	0.761538	0.64812	6.12323E-017
50	1	1	2	20	-19399.4	-801613	-8342.5	0.567844	0.823136	6.12323E-017
51	1	1	2	21	-18859.2	-801889	-8342.5	0.335452	0.942057	6.12323E-017
52	1	1	2	22	-18265.9	-802016	-8342.5	0.0801989	0.996779	6.12323E-017
53	1	1	2	23	-17659.8	-801986	-8342.5	-0.180519	0.983571	6.12323E-017
54	1	1	2	24	-17082.4	-801799	-8342.5	-0.428935	0.903335	6.12323E-017
55	1	1	3	1	-16572.9	-801470	-7842.5	-0.64812	0.761538	6.12323E-017
56	1	1	3	2	-16166.1	-801019	-7842.5	-0.823136	0.567844	6.12323E-017
57	1	1	3	3	-15889.6	-800479	-7842.5	-0.942057	0.335452	6.12323E-017
58	1	1	3	4	-15762.4	-799886	-7842.5	-0.996779	0.0801989	6.12323E-017
59	1	1	3	5	-15793.1	-799280	-7842.5	-0.983571	-0.180519	6.12323E-017
60	1	1	3	6	-15979.7	-798702	-7842.5	-0.903335	-0.428935	6.12323E-017
61	1	1	3	7	-16309.3	-798193	-7842.5	-0.761538	-0.64812	6.12323E-017
62	1	1	3	8	-16759.5	-797786	-7842.5	-0.567844	-0.823136	6.12323E-017
63	1	1	3	9	-17299.7	-797510	-7842.5	-0.335452	-0.942057	6.12323E-017
64	1	1	3	10	-17893	-797382	-7842.5	-0.0801989	-0.996779	6.12323E-017
65	1	1	3	11	-18499.1	-797413	-7842.5	0.180519	-0.983571	6.12323E-017
66	1	1	3	12	-19076.5	-797600	-7842.5	0.428935	-0.903335	6.12323E-017
67	1	1	3	13	-19586	-797929	-7842.5	0.64812	-0.761538	6.12323E-017
68	1	1	3	14	-19992.8	-798380	-7842.5	0.823136	-0.567844	6.12323E-017
69	1	1	3	15	-20269.3	-798920	-7842.5	0.942057	-0.335452	6.12323E-017
70	1	1	3	16	-20396.5	-799513	-7842.5	0.996779	-0.0801989	6.12323E-017
71	1	1	3	17	-20365.8	-800119	-7842.5	0.983571	0.180519	6.12323E-017
72	1	1	3	18	-20179.3	-800696	-7842.5	0.903335	0.428935	6.12323E-017
73	1	1	3	19	-19849.7	-801206	-7842.5	0.761538	0.64812	6.12323E-017
74	1	1	3	20	-19399.4	-801613	-7842.5	0.567844	0.823136	6.12323E-017
75	1	1	3	21	-18859.2	-801889	-7842.5	0.335452	0.942057	6.12323E-017
76	1	1	3	22	-18265.9	-802016	-7842.5	0.0801989	0.996779	6.12323E-017
77	1	1	3	23	-17659.8	-801986	-7842.5	-0.180519	0.983571	6.12323E-017
78	1	1	3	24	-17082.4	-801799	-7842.5	-0.428935	0.903335	6.12323E-017
79	1	1	4	1	-16572.9	-801470	-7342.5	-0.64812	0.761538	6.12323E-017
80	1	1	4	2	-16166.1	-801019	-7342.5	-0.823136	0.567844	6.12323E-017
81	1	1	4	3	-15889.6	-800479	-7342.5	-0.942057	0.335452	6.12323E-017
82	1	1	4	4	-15762.4	-799886	-7342.5	-0.996779	0.0801989	6.12323E-017
83	1	1	4	5	-15793.1	-799280	-7342.5	-0.983571	-0.180519	6.12323E-017
84	1	1	4	6	-15979.7	-798702	-7342.5	-0.903335	-0.428935	6.12323E-017
85	1	1	4	7	-16309.3	-798193	-7342.5	-0.761538	-0.64812	6.12323E-017
86	1	1	4	8	-16759.5	-797786	-7342.5	-0.567844	-0.823136	6.12323E-017
87	1	1	4	9	-17299.7	-797510	-7342.5	-0.335452	-0.942057	6.12323E-017
88	1	1	4	10	-17893	-797382	-7342.5	-0.0801989	-0.996779	6.12323E-017
89	1	1	4	11	-18499.1	-797413	-7342.5	0.180519	-0.983571	6.12323E-017
90	1	1	4	12	-19076.5	-797600	-7342.5	0.428935	-0.903335	6.12323E-017
91	1	1	4	13	-19586	-797929	-7342.5	0.64812	-0.761538	6.12323E-017
92	1	1	4	14	-19992.8	-798380	-7342.5	0.823136	-0.567844	6.12323E-017
93	1	1	4	15	-20269.3	-798920	-7342.5	0.942057	-0.335452	6.12323E-017
94	1	1	4	16	-20396.5	-799513	-7342.5	0.996779	-0.0801989	6.12323E-017
95	1	1	4	17	-20365.8	-800119	-7342.5	0.983571	0.180519	6.12323E-017
96	1	1	4	18	-20179.3	-800696	-7342.5	0.903335	0.428935	6.12323E-017
97	1	1	4	19	-19849.7	-801206	-7342.5	0.761538	0.64812	6.12323E-017
98	1	1	4	20	-19399.4	-801613	-7342.5	0.567844	0.823136	6.12323E-017
99	1	1	4	21	-18859.2	-801889	-7342.5	0.335452	0.942057	6.12323E-017
100	1	1	4	22	-18265.9	-802016	-7342.5	0.0801989	0.996779	6.12323E-017
101	1	1	4	23	-17659.8	-801986	-7342.5	-0.180519	0.983571	6.12323E-017
102	1	1	4	24	-17082.4	-801799	-7342.5	-0.428935	0.903335	6.12323E-017
103	1	1	5	1	-16572.9	-801470	-6842.5	-0.64812	0.761538	6.12323E-017
104	1	1	5	2	-16166.1	-801019	-6842.5	-0.823136	0.567844	6.12323E-017
105	1	1	5	3	-15889.6	-800479	-6842.5	-0.942057	0.335452	6.12323E-017
106	1	1	5	4	-15762.4	-799886	-6842.5	-0.996779	0.0801989	6.12323E-017
107	1	1	5	5	-15793.1	-799280	-6842.5	-0.983571	-0.180519	6.12323E-017
108	1	1	5	6	-15979.7	-798702	-6842.5	-0.903335	-0.428935	6.12323E-017
109	1	1	5	7	-16309.3	-798193	-6842.5	-0.761538	-0.64812	6.12323E-017
110	1	1	5	8	-16759.5	-797786	-6842.5	-0.567844	-0.823136	6.12323E-017
111	1	1	5	9	-17299.7	-797510	-6842.5	-0.335452	-0.942057	6.12323E-017
112	1	1	5	10	-17893	-797382	-6842.5	-0.0801989	-0.996779	6.12323E-017
113	1	1	5	11	-18499.1	-797413	-6842.5	0.180519	-0.983571	6.12323E-017
114	1	1	5	12	-19076.5	-797600	-6842.5	0.428935	-0.903335	6.12323E-017
115	1	1	5	13	-19586	-797929	-6842.5	0.64812	-0.761538	6.12323E-017
116	1	1	5	14	-19992.8	-798380	-6842.5	0.823136	-0.567844	6.12323E-017
117	1	1	5	15	-20269.3	-798920	-6842.5	0.942057	-0.335452	6.12323E-017
118	1	1	5	16	-20396.5	-799513	-6842.5	0.996779	-0.0801989	6.12323E-017
119	1	1	5	17	-20365.8	-800119	-6842.5	0.983571	0.180519	6.12323E-017
120	1	1	5	18	-20179.3	-800696	-6842.5	0.903335	0.428935	6.12323E-017
121	1	1	5	19	-19849.7	-801206	-6842.5	0.761538	0.64812	6.12323E-017
122	1	1	5	20	-19399.4	-801613	-6842.5	0.567844	0.823136	6.12323E-017
123	1	1	5	21	-18859.2	-801889	-6842.5	0.335452	0.942057	6.12323E-017
124	1	1	5	22	-18265.9	-802016	-6842.5	0.0801989	0.996779	6.12323E-017
125	1	1	5	23	-17659.8	-801986	-6842.5	-0.180519	0.983571	6.12323E-017
126	1	1	5	24	-17082.4	-801799	-6842.5	-0.428935	0.903335	6.12323E-017
127	1	1	6	1	-16572.9	-801470	-6342.5	-0.64812	0.761538	6.12323E-017
128	1	1	6	2	-16166.1	-801019	-6342.5	-0.823136	0.567844	6.12323E-017
129	1	1	6	3	-15889.6	-800479	-6342.5	-0.942057	0.335452	6.12323E-017
130	1	1	6	4	-15762.4	-799886	-6342.5	-0.996779	0.0801989	6.12323E-017
131	1	1	6	5	-15793.1	-799280	-6342.5	-0.983571	-0.180519	6.12323E-017
132	1	1	6	6	-15979.7	-798702	-6342.5	-0.903335	-0.428935	6.12323E-017
133	1	1	6	7	-16309.3	-798193	-6342.5	-0.761538	-0.64812	6.12323E-017
134	1	1	6	8	-16759.5	-797786	-6342.5	-0.567844	-0.823136	6.12323E-017
135	1	1	6	9	-17299.7	-797510	-6342.5	-0.335452	-0.942057	6.12323E-017
136	1	1	6	10	-17893	-797382	-6342.5	-0.0801989	-0.996779	6.12323E-017
137	1	1	6	11	-18499.1	-797413	-6342.5	0.180519	-0.983571	6.12323E-017
138	1	1	6	12	-19076.5	-797600	-6342.5	0.428935	-0.903335	6.12323E-017
139	1	1	6	13	-19586	-797929	-6342.5	0.64812	-0.761538	6.12323E-017
140	1	1	6	14	-19992.8	-798380	-6342.5	0.823136	-0.567844	6.12323E-017
141	1	1	6	15	-20269.3	-798920	-6342.5	0.942057	-0.335452	6.12323E-017
142	1	1	6	16	-20396.5	-799513	-6342.5	0.996779	-0.0801989	6.12323E-017
143	1	1	6	17	-20365.8	-800119	-6342.5	0.983571	0.180519	6.12323E-017
144	1	1	6	18	-20179.3	-800696	-6342.5	0.903335	0.428935	6.12323E-017
145	1	1	6	19	-19849.7	-801206	-6342.5	0.761538	0.64812	6.12323E-017
146	1	1	6	20	-19399.4	-801613	-6342.5	0.567844	0.823136	6.12323E-017
147	1	1	6	21	-18859.2	-801889	-6342.5	0.335452	0.942057	6.12323E-017
148	1	1	6	22	-18265.9	-802016	-6342.5	0.0801989	0.996779	6.12323E-017
149	1	1	6	23	-17659.8	-801986	-6342.5	-0.180519	0.983571	6.12323E-017
150	1	1	6	24	-17082.4	-801799	-6342.5	-0.428935	0.903335	6.12323E-017
151	1	1	7	1	-16572.9	-801470	-5842.5	-0.64812	0.761538	6.12323E-017
152	1	1	7	2	-16166.1	-801019	-5842.5	-0.823136	0.567844	6.12323E-017
153	1	1	7	3	-15889.6	-800479	-5842.5	-0.942057	0.335452	6.12323E-017
154	1	1	7	4	-15762.4	-799886	-5842.5	-0.996779	0.0801989	6.12323E-017
155	1	1	7	5	-15793.1	-799280	-5842.5	-0.983571	-0.180519	6.12323E-017
156	1	1	7	6	-15979.7	-798702	-5842.5	-0.903335	-0.428935	6.12323E-017
157	1	1	7	7	-16309.3	-798193	-5842.5	-0.761538	-0.64812	6.12323E-017
158	1	1	7	8	-16759.5	-797786	-5842.5	-0.567844	-0.823136	6.12323E-017
159	1	1	7	9	-17299.7	-797510	-5842.5	-0.335452	-0.942057	6.12323E-017
160	1	1	7	10	-17893	-797382	-5842.5	-0.0801989	-0.996779	6.12323E-017
161	1	1	7	11	-18499.1	-797413	-5842.5	0.180519	-0.983571	6.12323E-017
162	1	1	7	12	-19076.5	-797600	-5842.5	0.428935	-0.903335	6.12323E-017
163	1	1	7	13	-19586	-797929	-5842.5	0.64812	-0.761538	6.12323E-017
164	1	1	7	14	-19992.8	-798380	-5842.5	0.823136	-0.567844	6.12323E-017
165	1	1	7	15	-20269.3	-798920	-5842.5	0.942057	-0.335452	6.12323E-017
166	1	1	7	16	-20396.5	-799513	-5842.5	0.996779	-0.0801989	6.12323E-017
167	1	1	7	17	-20365.8	-800119	-5842.5	0.983571	0.180519	6.12323E-017
168	1	1	7	18	-20179.3	-800696	-5842.5	0.903335	0.428935	6.12323E-017
169	1	1	7	19	-19849.7	-801206	-5842.5	0.761538	0.64812	6.12323E-017
170	1	1	7	20	-19399.4	-801613	-5842.5	0.567844	0.823136	6.12323E-017
171	1	1	7	21	-18859.2	-801889	-5842.5	0.335452	0.942057	6.12323E-017
172	1	1	7	22	-18265.9	-802016	-5842.5	0.0801989	0.996779	6.12323E-017
173	1	1	7	23	-17659.8	-801986	-5842.5	-0.180519	0.983571	6.12323E-017
174	1	1	7	24	-17082.4	-801799	-5842.5	-0.428935	0.903335	6.12323E-017
175	1	1	8	1	-16572.9	-801470	-5342.5	-0.64812	0.761538	6.12323E-017
176	1	1	8	2	-16166.1	-801019	-5342.5	-0.823136	0.567844	6.12323E-017
177	1	1	8	3	-15889.6	-800479	-5342.5	-0.942057	0.335452	6.12323E-017
178	1	1	8	4	-15762.4	-799886	-5342.5	-0.996779	0.0801989	6.12323E-017
179	1	1	8	5	-15793.1	-799280	-5342.5	-0.983571	-0.180519	6.12323E-017
180	1	1	8	6	-15979.7	-798702	-5342.5	-0.903335	-0.428935	6.12323E-017
181	1	1	8	7	-16309.3	-798193	-5342.5	-0.761538	-0.64812	6.12323E-017
182	1	1	8	8	-16759.5	-797786	-5342.5	-0.567844	-0.823136	6.12323E-017
183	1	1	8	9	-17299.7	-797510	-5342.5	-0.335452	-0.942057	6.12323E-017
184	1	1	8	10	-17893	-797382	-5342.5	-0.0801989	-0.996779	6.12323E-017
185	1	1	8	11	-18499.1	-797413	-5342.5	0.180519	-0.983571	6.12323E-017
186	1	1	8	12	-19076.5	-797600	-5342.5	0.428935	-0.903335	6.12323E-017
187	1	1	8	13	-19586	-797929	-5342.5	0.64812	-0.761538	6.12323E-017
188	1	1	8	14	-19992.8	-798380	-5342.5	0.823136	-0.567844	6.12323E-017
189	1	1	8	15	-20269.3	-798920	-5342.5	0.942057	-0.335452	6.12323E-017
190	1	1	8	16	-20396.5	-799513	-5342.5	0.996779	-0.0801989	6.12323E-017
191	1	1	8	17	-20365.8	-800119	-5342.5	0.983571	0.180519	6.12323E-017
192	1	1	8	18	-20179.3	-800696	-5342.5	0.903335	0.428935	6.12323E-017
193	1	1	8	19	-19849.7	-801206	-5342.5	0.761538	0.64812	6.12323E-017
194	1	1	8	20	-19399.4	-801613	-5342.5	0.567844	0.823136	6.12323E-017
195	1	1	8	21	-18859.2	-801889	-5342.5	0.335452	0.942057	6.12323E-017
196	1	1	8	22	-18265.9	-802016	-5342.5	0.0801989	0.996779	6.12323E-017
197	1	1	8	23	-17659.8	-801986	-5342.5	-0.180519	0.983571	6.12323E-017
198	1	1	8	24	-17082.4	-801799	-5342.5	-0.428935	0.903335	6.12323E-017
199	1	2	0	1	-15170.9	-804826	-4909	-6.95408E-017	-1.00805E-016	-1
200	1	2	0	2	-15170.9	-804826	-9276	0	0	1
201	1	2	0	3	-15761.3	-806122	-4909	-6.95408E-017	-1.00805E-016	-1
202	1	2	0	4	-15761.3	-806122	-9276	0	0	1
203	1	2	0	5	-17108.1	-804418	-4909	-1.22326E-016	5.82225E-018	-1
204	1	2	0	6	-17108.1	-804418	-9276	0	0	1
205	1	2	1	1	-13454	-806291	-8842.5	-0.64812	0.761538	6.12323E-017
206	1	2	1	2	-13047.2	-805840	-8842.5	-0.823136	0.567844	6.12323E-017
207	1	2	1	3	-12770.7	-805300	-8842.5	-0.942057	0.335452	6.12323E-017
208	1	2	1	4	-12643.5	-804707	-8842.5	-0.996779	0.0801989	6.12323E-017
209	1	2	1	5	-12674.2	-804101	-8842.5	-0.983571	-0.180519	6.12323E-017
210	1	2	1	6	-12860.7	-803524	-8842.5	-0.903335	-0.428935	6.12323E-017
211	1	2	1	7	-13190.4	-803014	-8842.5	-0.761538	-0.64812	6.12323E-017
212	1	2	1	8	-13640.6	-802607	-8842.5	-0.567844	-0.823136	6.12323E-017
213	1	2	1	9	-14180.8	-802331	-8842.5	-0.335452	-0.942057	6.12323E-017
214	1	2	1	10	-14774.1	-802204	-8842.5	-0.0801989	-0.996779	6.12323E-017
215	1	2	1	11	-15380.2	-802234	-8842.5	0.180519	-0.983571	6.12323E-017
216	1	2	1	12	-15957.6	-802421	-8842.5	0.428935	-0.903335	6.12323E-017
217	1	2	1	13	-16467.1	-802750	-8842.5	0.64812	-0.761538	6.12323E-017
218	1	2	1	14	-16873.9	-803201	-8842.5	0.823136	-0.567844	6.12323E-017
219	1	2	1	15	-17150.4	-803741	-8842.5	0.942057	-0.335452	6.12323E-017
220	1	2	1	16	-17277.6	-804334	-8842.5	0.996779	-0.0801989	6.12323E-017
221	1	2	1	17	-17246.9	-804940	-8842.5	0.983571	0.180519	6.12323E-017
222	1	2	1	18	-17060.3	-805518	-8842.5	0.903335	0.428935	6.12323E-017
223	1	2	1	19	-16730.7	-806027	-8842.5	0.761538	0.64812	6.12323E-017
224	1	2	1	20	-16280.5	-806434	-8842.5	0.567844	0.823136	6.12323E-017
225	1	2	1	21	-15740.3	-806710	-8842.5	0.335452	0.942057	6.12323E-017
226	1	2	1	22	-15147	-806838	-8842.5	0.0801989	0.996779	6.12323E-017
227	1	2	1	23	-14540.9	-806807	-8842.5	-0.180519	0.983571	6.12323E-017
228	1	2	1	24	-13963.5	-806620	-8842.5	-0.428935	0.903335	6.12323E-017
229	1	2	2	1	-13454	-806291	-8342.5	-0.64812	0.761538	6.12323E-017
230	1	2	2	2	-13047.2	-805840	-8342.5	-0.823136	0.567844	6.12323E-017
231	1	2	2	3	-12770.7	-805300	-8342.5	-0.942057	0.335452	6.12323E-017
232	1	2	2	4	-12643.5	-804707	-8342.5	-0.996779	0.0801989	6.12323E-017
233	1	2	2	5	-12674.2	-804101	-8342.5	-0.983571	-0.180519	6.12323E-017
234	1	2	2	6	-12860.7	-803524	-8342.5	-0.903335	-0.428935	6.12323E-017
235	1	2	2	7	-13190.4	-803014	-8342.5	-0.761538	-0.64812	6.12323E-017
236	1	2	2	8	-13640.6	-802607	-8342.5	-0.567844	-0.823136	6.12323E-017
237	1	2	2	9	-14180.8	-802331	-8342.5	-0.335452	-0.942057	6.12323E-017
238	1	2	2	10	-14774.1	-802204	-8342.5	-0.0801989	-0.996779	6.12323E-017
239	1	2	2	11	-15380.2	-802234	-8342.5	0.180519	-0.983571	6.12323E-017
240	1	2	2	12	-15957.6	-802421	-8342.5	0.428935	-0.903335	6.12323E-017
241	1	2	2	13	-16467.1	-802750	-8342.5	0.64812	-0.761538	6.12323E-017
242	1	2	2	14	-16873.9	-803201	-8342.5	0.823136	-0.567844	6.12323E-017
243	1	2	2	15	-17150.4	-803741	-8342.5	0.942057	-0.335452	6.12323E-017
244	1	2	2	16	-17277.6	-804334	-8342.5	0.996779	-0.0801989	6.12323E-017
245	1	2	2	17	-17246.9	-804940	-8342.5	0.983571	0.180519	6.12323E-017
246	1	2	2	18	-17060.3	-805518	-8342.5	0.903335	0.428935	6.12323E-017
247	1	2	2	19	-16730.7	-806027	-8342.5	0.761538	0.64812	6.12323E-017
248	1	2	2	20	-16280.5	-806434	-8342.5	0.567844	0.823136	6.12323E-017
249	1	2	2	21	-15740.3	-806710	-8342.5	0.335452	0.942057	6.12323E-017
250	1	2	2	22	-15147	-806838	-8342.5	0.0801989	0.996779	6.12323E-017
251	1	2	2	23	-14540.9	-806807	-8342.5	-0.180519	0.983571	6.12323E-017
252	1	2	2	24	-13963.5	-806620	-8342.5	-0.428935	0.903335	6.12323E-017
253	1	2	3	1	-13454	-806291	-7842.5	-0.64812	0.761538	6.12323E-017
254	1	2	3	2	-13047.2	-805840	-7842.5	-0.823136	0.567844	6.12323E-017
255	1	2	3	3	-12770.7	-805300	-7842.5	-0.942057	0.335452	6.12323E-017
256	1	2	3	4	-12643.5	-804707	-7842.5	-0.996779	0.0801989	6.12323E-017
257	1	2	3	5	-12674.2	-804101	-7842.5	-0.983571	-0.180519	6.12323E-017
258	1	2	3	6	-12860.7	-803524	-7842.5	-0.903335	-0.428935	6.12323E-017
259	1	2	3	7	-13190.4	-803014	-7842.5	-0.761538	-0.64812	6.12323E-017
260	1	2	3	8	-13640.6	-802607	-7842.5	-0.567844	-0.823136	6.12323E-017
261	1	2	3	9	-14180.8	-802331	-7842.5	-0.335452	-0.942057	6.12323E-017
262	1	2	3	10	-14774.1	-802204	-7842.5	-0.0801989	-0.996779	6.12323E-017
263	1	2	3	11	-15380.2	-802234	-7842.5	0.180519	-0.983571	6.12323E-017
264	1	2	3	12	-15957.6	-802421	-7842.5	0.428935	-0.903335	6.12323E-017
265	1	2	3	13	-16467.1	-802750	-7842.5	0.64812	-0.761538	6.12323E-017
266	1	2	3	14	-16873.9	-803201	-7842.5	0.823136	-0.567844	6.12323E-017
267	1	2	3	15	-17150.4	-803741	-7842.5	0.942057	-0.335452	6.12323E-017
268	1	2	3	16	-17277.6	-804334	-7842.5	0.996779	-0.0801989	6.12323E-017
269	1	2	3	17	-17246.9	-804940	-7842.5	0.983571	0.180519	6.12323E-017
270	1	2	3	18	-17060.3	-805518	-7842.5	0.903335	0.428935	6.12323E-017
271	1	2	3	19	-16730.7	-806027	-7842.5	0.761538	0.64812	6.12323E-017
272	1	2	3	20	-16280.5	-806434	-7842.5	0.567844	0.823136	6.12323E-017
273	1	2	3	21	-15740.3	-806710	-7842.5	0.335452	0.942057	6.12323E-017
274	1	2	3	22	-15147	-806838	-7842.5	0.0801989	0.996779	6.12323E-017
275	1	2	3	23	-14540.9	-806807	-7842.5	-0.180519	0.983571	6.12323E-017
276	1	2	3	24	-13963.5	-806620	-7842.5	-0.428935	0.903335	6.12323E-017
277	1	2	4	1	-13454	-806291	-7342.5	-0.64812	0.761538	6.12323E-017
278	1	2	4	2	-13047.2	-805840	-7342.5	-0.823136	0.567844	6.12323E-017
279	1	2	4	3	-12770.7	-805300	-7342.5	-0.942057	0.335452	6.12323E-017
280	1	2	4	4	-12643.5	-804707	-7342.5	-0.996779	0.0801989	6.12323E-017
281	1	2	4	5	-12674.2	-804101	-7342.5	-0.983571	-0.180519	6.12323E-017
282	1	2	4	6	-12860.7	-803524	-7342.5	-0.903335	-0.428935	6.12323E-017
283	1	2	4	7	-13190.4	-803014	-7342.5	-0.761538	-0.64812	6.12323E-017
284	1	2	4	8	-13640.6	-802607	-7342.5	-0.567844	-0.823136	6.12323E-017
285	1	2	4	9	-14180.8	-802331	-7342.5	-0.335452	-0.942057	6.12323E-017
286	1	2	4	10	-14774.1	-802204	-7342.5	-0.0801989	-0.996779	6.12323E-017
287	1	2	4	11	-15380.2	-802234	-7342.5	0.180519	-0.983571	6.12323E-017
288	1	2	4	12	-15957.6	-802421	-7342.5	0.428935	-0.903335	6.12323E-017
289	1	2	4	13	-16467.1	-802750	-7342.5	0.64812	-0.761538	6.12323E-017
290	1	2	4	14	-16873.9	-803201	-7342.5	0.823136	-0.567844	6.12323E-017
291	1	2	4	15	-17150.4	-803741	-7342.5	0.942057	-0.335452	6.12323E-017
292	1	2	4	16	-17277.6	-804334	-7342.5	0.996779	-0.0801989	6.12323E-017
293	1	2	4	17	-17246.9	-804940	-7342.5	0.983571	0.180519	6.12323E-017
294	1	2	4	18	-17060.3	-805518	-7342.5	0.903335	0.428935	6.12323E-017
295	1	2	4	19	-16730.7	-806027	-7342.5	0.761538	0.64812	6.12323E-017
296	1	2	4	20	-16280.5	-806434	-7342.5	0.567844	0.823136	6.12323E-017
297	1	2	4	21	-15740.3	-806710	-7342.5	0.335452	0.942057	6.12323E-017
298	1	2	4	22	-15147	-806838	-7342.5	0.0801989	0.996779	6.12323E-017
299	1	2	4	23	-14540.9	-806807	-7342.5	-0.180519	0.983571	6.12323E-017
300	1	2	4	24	-13963.5	-806620	-7342.5	-0.428935	0.903335	6.12323E-017
301	1	2	5	1	-13454	-806291	-6842.5	-0.64812	0.761538	6.12323E-017
302	1	2	5	2	-13047.2	-805840	-6842.5	-0.823136	0.567844	6.12323E-017
303	1	2	5	3	-12770.7	-805300	-6842.5	-0.942057	0.335452	6.12323E-017
304	1	2	5	4	-12643.5	-804707	-6842.5	-0.996779	0.0801989	6.12323E-017
305	1	2	5	5	-12674.2	-804101	-6842.5	-0.983571	-0.180519	6.12323E-017
306	1	2	5	6	-12860.7	-803524	-6842.5	-0.903335	-0.428935	6.12323E-017
307	1	2	5	7	-13190.4	-803014	-6842.5	-0.761538	-0.64812	6.12323E-017
308	1	2	5	8	-13640.6	-802607	-6842.5	-0.567844	-0.823136	6.12323E-017
309	1	2	5	9	-14180.8	-802331	-6842.5	-0.335452	-0.942057	6.12323E-017
310	1	2	5	10	-14774.1	-802204	-6842.5	-0.0801989	-0.996779	6.12323E-017
311	1	2	5	11	-15380.2	-802234	-6842.5	0.180519	-0.983571	6.12323E-017
312	1	2	5	12	-15957.6	-802421	-6842.5	0.428935	-0.903335	6.12323E-017
313	1	2	5	13	-16467.1	-802750	-6842.5	0.64812	-0.761538	6.12323E-017
314	1	2	5	14	-16873.9	-803201	-6842.5	0.823136	-0.567844	6.12323E-017
315	1	2	5	15	-17150.4	-803741	-6842.5	0.942057	-0.335452	6.12323E-017
316	1	2	5	16	-17277.6	-804334	-6842.5	0.996779	-0.0801989	6.12323E-017
317	1	2	5	17	-17246.9	-804940	-6842.5	0.983571	0.180519	6.12323E-017
318	1	2	5	18	-17060.3	-805518	-6842.5	0.903335	0.428935	6.12323E-017
319	1	2	5	19	-16730.7	-806027	-6842.5	0.761538	0.64812	6.12323E-017
320	1	2	5	20	-16280.5	-806434	-6842.5	0.567844	0.823136	6.12323E-017
321	1	2	5	21	-15740.3	-806710	-6842.5	0.335452	0.942057	6.12323E-017
322	1	2	5	22	-15147	-806838	-6842.5	0.0801989	0.996779	6.12323E-017
323	1	2	5	23	-14540.9	-806807	-6842.5	-0.180519	0.983571	6.12323E-017
324	1	2	5	24	-13963.5	-806620	-6842.5	-0.428935	0.903335	6.12323E-017
325	1	2	6	1	-13454	-806291	-6342.5	-0.64812	0.761538	6.12323E-017
326	1	2	6	2	-13047.2	-805840	-6342.5	-0.823136	0.567844	6.12323E-017
327	1	2	6	3	-12770.7	-805300	-6342.5	-0.942057	0.335452	6.12323E-017
328	1	2	6	4	-12643.5	-804707	-6342.5	-0.996779	0.0801989	6.12323E-017
329	1	2	6	5	-12674.2	-804101	-6342.5	-0.983571	-0.180519	6.12323E-017
330	1	2	6	6	-12860.7	-803524	-6342.5	-0.903335	-0.428935	6.12323E-017
331	1	2	6	7	-13190.4	-803014	-6342.5	-0.761538	-0.64812	6.12323E-017
332	1	2	6	8	-13640.6	-802607	-6342.5	-0.567844	-0.823136	6.12323E-017
333	1	2	6	9	-14180.8	-802331	-6342.5	-0.335452	-0.942057	6.12323E-017
334	1	2	6	10	-14774.1	-802204	-6342.5	-0.0801989	-0.996779	6.12323E-017
335	1	2	6	11	-15380.2	-802234	-6342.5	0.180519	-0.983571	6.12323E-017
336	1	2	6	12	-15957.6	-802421	-6342.5	0.428935	-0.903335	6.12323E-017
337	1	2	6	13	-16467.1	-802750	-6342.5	0.64812	-0.761538	6.12323E-017
338	1	2	6	14	-16873.9	-803201	-6342.5	0.823136	-0.567844	6.12323E-017
339	1	2	6	15	-17150.4	-803741	-6342.5	0.942057	-0.335452	6.12323E-017
340	1	2	6	16	-17277.6	-804334	-6342.5	0.996779	-0.0801989	6.12323E-017
341	1	2	6	17	-17246.9	-804940	-6342.5	0.983571	0.180519	6.12323E-017
342	1	2	6	18	-17060.3	-805518	-6342.5	0.903335	0.428935	6.12323E-017
343	1	2	6	19	-16730.7	-806027	-6342.5	0.761538	0.64812	6.12323E-017
344	1	2	6	20	-16280.5	-806434	-6342.5	0.567844	0.823136	6.12323E-017
345	1	2	6	21	-15740.3	-806710	-6342.5	0.335452	0.942057	6.12323E-017
346	1	2	6	22	-15147	-806838	-6342.5	0.0801989	0.996779	6.12323E-017
347	1	2	6	23	-14540.9	-806807	-6342.5	-0.180519	0.983571	6.12323E-017
348	1	2	6	24	-13963.5	-806620	-6342.5	-0.428935	0.903335	6.12323E-017
349	1	2	7	1	-13454	-806291	-5842.5	-0.64812	0.761538	6.12323E-017
350	1	2	7	2	-13047.2	-805840	-5842.5	-0.823136	0.567844	6.12323E-017
351	1	2	7	3	-12770.7	-805300	-5842.5	-0.942057	0.335452	6.12323E-017
352	1	2	7	4	-12643.5	-804707	-5842.5	-0.996779	0.0801989	6.12323E-017
353	1	2	7	5	-12674.2	-804101	-5842.5	-0.983571	-0.180519	6.12323E-017
354	1	2	7	6	-12860.7	-803524	-5842.5	-0.903335	-0.428935	6.12323E-017
355	1	2	7	7	-13190.4	-803014	-5842.5	-0.761538	-0.64812	6.12323E-017
356	1	2	7	8	-13640.6	-802607	-5842.5	-0.567844	-0.823136	6.12323E-017
357	1	2	7	9	-14180.8	-802331	-5842.5	-0.335452	-0.942057	6.12323E-017
358	1	2	7	10	-14774.1	-802204	-5842.5	-0.0801989	-0.996779	6.12323E-017
359	1	2	7	11	-15380.2	-802234	-5842.5	0.180519	-0.983571	6.12323E-017
360	1	2	7	12	-15957.6	-802421	-5842.5	0.428935	-0.903335	6.12323E-017
361	1	2	7	13	-16467.1	-802750	-5842.5	0.64812	-0.761538	6.12323E-017
362	1	2	7	14	-16873.9	-803201	-5842.5	0.823136	-0.567844	6.12323E-017
363	1	2	7	15	-17150.4	-803741	-5842.5	0.942057	-0.335452	6.12323E-017
364	1	2	7	16	-17277.6	-804334	-5842.5	0.996779	-0.0801989	6.12323E-017
365	1	2	7	17	-17246.9	-804940	-5842.5	0.983571	0.180519	6.12323E-017
366	1	2	7	18	-17060.3	-805518	-5842.5	0.903335	0.428935	6.12323E-017
367	1	2	7	19	-16730.7	-806027	-5842.5	0.761538	0.64812	6.12323E-017
368	1	2	7	20	-16280.5	-806434	-5842.5	0.567844	0.823136	6.12323E-017
369	1	2	7	21	-15740.3	-806710	-5842.5	0.335452	0.942057	6.12323E-017
370	1	2	7	22	-15147	-806838	-5842.5	0.0801989	0.996779	6.12323E-017
371	1	2	7	23	-14540.9	-806807	-5842.5	-0.180519	0.983571	6.12323E-017
372	1	2	7	24	-13963.5	-806620	-5842.5	-0.428935	0.903335	6.12323E-017
373	1	2	8	1	-13454	-806291	-5342.5	-0.64812	0.761538	6.12323E-017
374	1	2	8	2	-13047.2	-805840	-5342.5	-0.823136	0.567844	6.12323E-017
375	1	2	8	3	-12770.7	-805300	-5342.5	-0.942057	0.335452	6.12323E-017
376	1	2	8	4	-12643.5	-804707	-5342.5	-0.996779	0.0801989	6.12323E-017
377	1	2	8	5	-12674.2	-804101	-5342.5	-0.983571	-0.180519	6.12323E-017
378	1	2	8	6	-12860.7	-803524	-5342.5	-0.903335	-0.428935	6.12323E-017
379	1	2	8	7	-13190.4	-803014	-5342.5	-0.761538	-0.64812	6.12323E-017
380	1	2	8	8	-13640.6	-802607	-5342.5	-0.567844	-0.823136	6.12323E-017
381	1	2	8	9	-14180.8	-802331	-5342.5	-0.335452	-0.942057	6.12323E-017
382	1	2	8	10	-14774.1	-802204	-5342.5	-0.0801989	-0.996779	6.12323E-017
383	1	2	8	11	-15380.2	-802234	-5342.5	0.180519	-0.983571	6.12323E-017
384	1	2	8	12	-15957.6	-802421	-5342.5	0.428935	-0.903335	6.12323E-017
385	1	2	8	13	-16467.1	-802750	-5342.5	0.64812	-0.761538	6.12323E-017
386	1	2	8	14	-16873.9	-803201	-5342.5	0.823136	-0.567844	6.12323E-017
387	1	2	8	15	-17150.4	-803741	-5342.5	0.942057	-0.335452	6.12323E-017
388	1	2	8	16	-17277.6	-804334	-5342.5	0.996779	-0.0801989	6.12323E-017
389	1	2	8	17	-17246.9	-804940	-5342.5	0.983571	0.180519	6.12323E-017
390	1	2	8	18	-17060.3	-805518	-5342.5	0.903335	0.428935	6.12323E-017
391	1	2	8	19	-16730.7	-806027	-5342.5	0.761538	0.64812	6.12323E-017
392	1	2	8	20	-16280.5	-806434	-5342.5	0.567844	0.823136	6.12323E-017
393	1	2	8	21	-15740.3	-806710	-5342.5	0.335452	0.942057	6.12323E-017
394	1	2	8	22	-15147	-806838	-5342.5	0.0801989	0.996779	6.12323E-017
395	1	2	8	23	-14540.9	-806807	-5342.5	-0.180519	0.983571	6.12323E-017
396	1	2	8	24	-13963.5	-806620	-5342.5	-0.428935	0.903335	6.12323E-017
