793	4	1	0	1	-406467	811853	-59	9.64377E-017	-7.5481E-017	-1
794	4	1	0	2	-406467	811853	-4426	0	0	1
795	4	1	0	3	-405209	811186	-59	9.64377E-017	-7.5481E-017	-1
796	4	1	0	4	-405209	811186	-4426	0	0	1
797	4	1	0	5	-406990	809944	-59	-1.3173E-017	-1.21754E-016	-1
798	4	1	0	6	-406990	809944	-4426	0	0	1
799	4	1	1	1	-404901	813479	-3992.5	-0.79916	-0.601118	6.12323E-017
800	4	1	1	2	-405326	813912	-3992.5	-0.616349	-0.787473	6.12323E-017
801	4	1	1	3	-405848	814220	-3992.5	-0.391534	-0.920164	6.12323E-017
802	4	1	1	4	-406433	814383	-3992.5	-0.140037	-0.990146	6.12323E-017
803	4	1	1	5	-407040	814389	-3992.5	0.121003	-0.992652	6.12323E-017
804	4	1	1	6	-407627	814238	-3992.5	0.373797	-0.92751	6.12323E-017
805	4	1	1	7	-408156	813939	-3992.5	0.601118	-0.79916	6.12323E-017
806	4	1	1	8	-408589	813514	-3992.5	0.787473	-0.616349	6.12323E-017
807	4	1	1	9	-408897	812992	-3992.5	0.920164	-0.391534	6.12323E-017
808	4	1	1	10	-409060	812407	-3992.5	0.990146	-0.140037	6.12323E-017
809	4	1	1	11	-409066	811800	-3992.5	0.992652	0.121003	6.12323E-017
810	4	1	1	12	-408914	811213	-3992.5	0.92751	0.373797	6.12323E-017
811	4	1	1	13	-408616	810684	-3992.5	0.79916	0.601118	6.12323E-017
812	4	1	1	14	-408191	810251	-3992.5	0.616349	0.787473	6.12323E-017
813	4	1	1	15	-407669	809943	-3992.5	0.391534	0.920164	6.12323E-017
814	4	1	1	16	-407084	809780	-3992.5	0.140037	0.990146	6.12323E-017
815	4	1	1	17	-406477	809774	-3992.5	-0.121003	0.992652	6.12323E-017
816	4	1	1	18	-405890	809926	-3992.5	-0.373797	0.92751	6.12323E-017
817	4	1	1	19	-405361	810224	-3992.5	-0.601118	0.79916	6.12323E-017
818	4	1	1	20	-404928	810649	-3992.5	-0.787473	0.616349	6.12323E-017
819	4	1	1	21	-404620	811171	-3992.5	-0.920164	0.391534	6.12323E-017
820	4	1	1	22	-404457	811756	-3992.5	-0.990146	0.140037	6.12323E-017
821	4	1	1	23	-404451	812363	-3992.5	-0.992652	-0.121003	6.12323E-017
822	4	1	1	24	-404602	812950	-3992.5	-0.92751	-0.373797	6.12323E-017
823	4	1	2	1	-404901	813479	-3492.5	-0.79916	-0.601118	6.12323E-017
824	4	1	2	2	-405326	813912	-3492.5	-0.616349	-0.787473	6.12323E-017
825	4	1	2	3	-405848	814220	-3492.5	-0.391534	-0.920164	6.12323E-017
826	4	1	2	4	-406433	814383	-3492.5	-0.140037	-0.990146	6.12323E-017
827	4	1	2	5	-407040	814389	-3492.5	0.121003	-0.992652	6.12323E-017
828	4	1	2	6	-407627	814238	-3492.5	0.373797	-0.92751	6.12323E-017
829	4	1	2	7	-408156	813939	-3492.5	0.601118	-0.79916	6.12323E-017
830	4	1	2	8	-408589	813514	-3492.5	0.787473	-0.616349	6.12323E-017
831	4	1	2	9	-408897	812992	-3492.5	0.920164	-0.391534	6.12323E-017
832	4	1	2	10	-409060	812407	-3492.5	0.990146	-0.140037	6.12323E-017
833	4	1	2	11	-409066	811800	-3492.5	0.992652	0.121003	6.12323E-017
834	4	1	2	12	-408914	811213	-3492.5	0.92751	0.373797	6.12323E-017
835	4	1	2	13	-408616	810684	-3492.5	0.79916	0.601118	6.12323E-017
836	4	1	2	14	-408191	810251	-3492.5	0.616349	0.787473	6.12323E-017
837	4	1	2	15	-407669	809943	-3492.5	0.391534	0.920164	6.12323E-017
838	4	1	2	16	-407084	809780	-3492.5	0.140037	0.990146	6.12323E-017
839	4	1	2	17	-406477	809774	-3492.5	-0.121003	0.992652	6.12323E-017
840	4	1	2	18	-405890	809926	-3492.5	-0.373797	0.92751	6.12323E-017
841	4	1	2	19	-405361	810224	-3492.5	-0.601118	0.79916	6.12323E-017
842	4	1	2	20	-404928	810649	-3492.5	-0.787473	0.616349	6.12323E-017
843	4	1	2	21	-404620	811171	-3492.5	-0.920164	0.391534	6.12323E-017
844	4	1	2	22	-404457	811756	-3492.5	-0.990146	0.140037	6.12323E-017
845	4	1	2	23	-404451	812363	-3492.5	-0.992652	-0.121003	6.12323E-017
846	4	1	2	24	-404602	812950	-3492.5	-0.92751	-0.373797	6.12323E-017
847	4	1	3	1	-404901	813479	-2992.5	-0.79916	-0.601118	6.12323E-017
848	4	1	3	2	-405326	813912	-2992.5	-0.616349	-0.787473	6.12323E-017
849	4	1	3	3	-405848	814220	-2992.5	-0.391534	-0.920164	6.12323E-017
850	4	1	3	4	-406433	814383	-2992.5	-0.140037	-0.990146	6.12323E-017
851	4	1	3	5	-407040	814389	-2992.5	0.121003	-0.992652	6.12323E-017
852	4	1	3	6	-407627	814238	-2992.5	0.373797	-0.92751	6.12323E-017
853	4	1	3	7	-408156	813939	-2992.5	0.601118	-0.79916	6.12323E-017
854	4	1	3	8	-408589	813514	-2992.5	0.787473	-0.616349	6.12323E-017
855	4	1	3	9	-408897	812992	-2992.5	0.920164	-0.391534	6.12323E-017
856	4	1	3	10	-409060	812407	-2992.5	0.990146	-0.140037	6.12323E-017
857	4	1	3	11	-409066	811800	-2992.5	0.992652	0.121003	6.12323E-017
858	4	1	3	12	-408914	811213	-2992.5	0.92751	0.373797	6.12323E-017
859	4	1	3	13	-408616	810684	-2992.5	0.79916	0.601118	6.12323E-017
860	4	1	3	14	-408191	810251	-2992.5	0.616349	0.787473	6.12323E-017
861	4	1	3	15	-407669	809943	-2992.5	0.391534	0.920164	6.12323E-017
862	4	1	3	16	-407084	809780	-2992.5	0.140037	0.990146	6.12323E-017
863	4	1	3	17	-406477	809774	-2992.5	-0.121003	0.992652	6.12323E-017
864	4	1	3	18	-405890	809926	-2992.5	-0.373797	0.92751	6.12323E-017
865	4	1	3	19	-405361	810224	-2992.5	-0.601118	0.79916	6.12323E-017
866	4	1	3	20	-404928	810649	-2992.5	-0.787473	0.616349	6.12323E-017
867	4	1	3	21	-404620	811171	-2992.5	-0.920164	0.391534	6.12323E-017
868	4	1	3	22	-404457	811756	-2992.5	-0.990146	0.140037	6.12323E-017
869	4	1	3	23	-404451	812363	-2992.5	-0.992652	-0.121003	6.12323E-017
870	4	1	3	24	-404602	812950	-2992.5	-0.92751	-0.373797	6.12323E-017
871	4	1	4	1	-404901	813479	-2492.5	-0.79916	-0.601118	6.12323E-017
872	4	1	4	2	-405326	813912	-2492.5	-0.616349	-0.787473	6.12323E-017
873	4	1	4	3	-405848	814220	-2492.5	-0.391534	-0.920164	6.12323E-017
874	4	1	4	4	-406433	814383	-2492.5	-0.140037	-0.990146	6.12323E-017
875	4	1	4	5	-407040	814389	-2492.5	0.121003	-0.992652	6.12323E-017
876	4	1	4	6	-407627	814238	-2492.5	0.373797	-0.92751	6.12323E-017
877	4	1	4	7	-408156	813939	-2492.5	0.601118	-0.79916	6.12323E-017
878	4	1	4	8	-408589	813514	-2492.5	0.787473	-0.616349	6.12323E-017
879	4	1	4	9	-408897	812992	-2492.5	0.920164	-0.391534	6.12323E-017
880	4	1	4	10	-409060	812407	-2492.5	0.990146	-0.140037	6.12323E-017
881	4	1	4	11	-409066	811800	-2492.5	0.992652	0.121003	6.12323E-017
882	4	1	4	12	-408914	811213	-2492.5	0.92751	0.373797	6.12323E-017
883	4	1	4	13	-408616	810684	-2492.5	0.79916	0.601118	6.12323E-017
884	4	1	4	14	-408191	810251	-2492.5	0.616349	0.787473	6.12323E-017
885	4	1	4	15	-407669	809943	-2492.5	0.391534	0.920164	6.12323E-017
886	4	1	4	16	-407084	809780	-2492.5	0.140037	0.990146	6.12323E-017
887	4	1	4	17	-406477	809774	-2492.5	-0.121003	0.992652	6.12323E-017
888	4	1	4	18	-405890	809926	-2492.5	-0.373797	0.92751	6.12323E-017
889	4	1	4	19	-405361	810224	-2492.5	-0.601118	0.79916	6.12323E-017
890	4	1	4	20	-404928	810649	-2492.5	-0.787473	0.616349	6.12323E-017
891	4	1	4	21	-404620	811171	-2492.5	-0.920164	0.391534	6.12323E-017
892	4	1	4	22	-404457	811756	-2492.5	-0.990146	0.140037	6.12323E-017
893	4	1	4	23	-404451	812363	-2492.5	-0.992652	-0.121003	6.12323E-017
894	4	1	4	24	-404602	812950	-2492.5	-0.92751	-0.373797	6.12323E-017
895	4	1	5	1	-404901	813479	-1992.5	-0.79916	-0.601118	6.12323E-017
896	4	1	5	2	-405326	813912	-1992.5	-0.616349	-0.787473	6.12323E-017
897	4	1	5	3	-405848	814220	-1992.5	-0.391534	-0.920164	6.12323E-017
898	4	1	5	4	-406433	814383	-1992.5	-0.140037	-0.990146	6.12323E-017
899	4	1	5	5	-407040	814389	-1992.5	0.121003	-0.992652	6.12323E-017
900	4	1	5	6	-407627	814238	-1992.5	0.373797	-0.92751	6.12323E-017
901	4	1	5	7	-408156	813939	-1992.5	0.601118	-0.79916	6.12323E-017
902	4	1	5	8	-408589	813514	-1992.5	0.787473	-0.616349	6.12323E-017
903	4	1	5	9	-408897	812992	-1992.5	0.920164	-0.391534	6.12323E-017
904	4	1	5	10	-409060	812407	-1992.5	0.990146	-0.140037	6.12323E-017
905	4	1	5	11	-409066	811800	-1992.5	0.992652	0.121003	6.12323E-017
906	4	1	5	12	-408914	811213	-1992.5	0.92751	0.373797	6.12323E-017
907	4	1	5	13	-408616	810684	-1992.5	0.79916	0.601118	6.12323E-017
908	4	1	5	14	-408191	810251	-1992.5	0.616349	0.787473	6.12323E-017
909	4	1	5	15	-407669	809943	-1992.5	0.391534	0.920164	6.12323E-017
910	4	1	5	16	-407084	809780	-1992.5	0.140037	0.990146	6.12323E-017
911	4	1	5	17	-406477	809774	-1992.5	-0.121003	0.992652	6.12323E-017
912	4	1	5	18	-405890	809926	-1992.5	-0.373797	0.92751	6.12323E-017
913	4	1	5	19	-405361	810224	-1992.5	-0.601118	0.79916	6.12323E-017
914	4	1	5	20	-404928	810649	-1992.5	-0.787473	0.616349	6.12323E-017
915	4	1	5	21	-404620	811171	-1992.5	-0.920164	0.391534	6.12323E-017
916	4	1	5	22	-404457	811756	-1992.5	-0.990146	0.140037	6.12323E-017
917	4	1	5	23	-404451	812363	-1992.5	-0.992652	-0.121003	6.12323E-017
918	4	1	5	24	-404602	812950	-1992.5	-0.92751	-0.373797	6.12323E-017
919	4	1	6	1	-404901	813479	-1492.5	-0.79916	-0.601118	6.12323E-017
920	4	1	6	2	-405326	813912	-1492.5	-0.616349	-0.787473	6.12323E-017
921	4	1	6	3	-405848	814220	-1492.5	-0.391534	-0.920164	6.12323E-017
922	4	1	6	4	-406433	814383	-1492.5	-0.140037	-0.990146	6.12323E-017
923	4	1	6	5	-407040	814389	-1492.5	0.121003	-0.992652	6.12323E-017
924	4	1	6	6	-407627	814238	-1492.5	0.373797	-0.92751	6.12323E-017
925	4	1	6	7	-408156	813939	-1492.5	0.601118	-0.79916	6.12323E-017
926	4	1	6	8	-408589	813514	-1492.5	0.787473	-0.616349	6.12323E-017
927	4	1	6	9	-408897	812992	-1492.5	0.920164	-0.391534	6.12323E-017
928	4	1	6	10	-409060	812407	-1492.5	0.990146	-0.140037	6.12323E-017
929	4	1	6	11	-409066	811800	-1492.5	0.992652	0.121003	6.12323E-017
930	4	1	6	12	-408914	811213	-1492.5	0.92751	0.373797	6.12323E-017
931	4	1	6	13	-408616	810684	-1492.5	0.79916	0.601118	6.12323E-017
932	4	1	6	14	-408191	810251	-1492.5	0.616349	0.787473	6.12323E-017
933	4	1	6	15	-407669	809943	-1492.5	0.391534	0.920164	6.12323E-017
934	4	1	6	16	-407084	809780	-1492.5	0.140037	0.990146	6.12323E-017
935	4	1	6	17	-406477	809774	-1492.5	-0.121003	0.992652	6.12323E-017
936	4	1	6	18	-405890	809926	-1492.5	-0.373797	0.92751	6.12323E-017
937	4	1	6	19	-405361	810224	-1492.5	-0.601118	0.79916	6.12323E-017
938	4	1	6	20	-404928	810649	-1492.5	-0.787473	0.616349	6.12323E-017
939	4	1	6	21	-404620	811171	-1492.5	-0.920164	0.391534	6.12323E-017
940	4	1	6	22	-404457	811756	-1492.5	-0.990146	0.140037	6.12323E-017
941	4	1	6	23	-404451	812363	-1492.5	-0.992652	-0.121003	6.12323E-017
942	4	1	6	24	-404602	812950	-1492.5	-0.92751	-0.373797	6.12323E-017
943	4	1	7	1	-404901	813479	-992.5	-0.79916	-0.601118	6.12323E-017
944	4	1	7	2	-405326	813912	-992.5	-0.616349	-0.787473	6.12323E-017
945	4	1	7	3	-405848	814220	-992.5	-0.391534	-0.920164	6.12323E-017
946	4	1	7	4	-406433	814383	-992.5	-0.140037	-0.990146	6.12323E-017
947	4	1	7	5	-407040	814389	-992.5	0.121003	-0.992652	6.12323E-017
948	4	1	7	6	-407627	814238	-992.5	0.373797	-0.92751	6.12323E-017
949	4	1	7	7	-408156	813939	-992.5	0.601118	-0.79916	6.12323E-017
950	4	1	7	8	-408589	813514	-992.5	0.787473	-0.616349	6.12323E-017
951	4	1	7	9	-408897	812992	-992.5	0.920164	-0.391534	6.12323E-017
952	4	1	7	10	-409060	812407	-992.5	0.990146	-0.140037	6.12323E-017
953	4	1	7	11	-409066	811800	-992.5	0.992652	0.121003	6.12323E-017
954	4	1	7	12	-408914	811213	-992.5	0.92751	0.373797	6.12323E-017
955	4	1	7	13	-408616	810684	-992.5	0.79916	0.601118	6.12323E-017
956	4	1	7	14	-408191	810251	-992.5	0.616349	0.787473	6.12323E-017
957	4	1	7	15	-407669	809943	-992.5	0.391534	0.920164	6.12323E-017
958	4	1	7	16	-407084	809780	-992.5	0.140037	0.990146	6.12323E-017
959	4	1	7	17	-406477	809774	-992.5	-0.121003	0.992652	6.12323E-017
960	4	1	7	18	-405890	809926	-992.5	-0.373797	0.92751	6.12323E-017
961	4	1	7	19	-405361	810224	-992.5	-0.601118	0.79916	6.12323E-017
962	4	1	7	20	-404928	810649	-992.5	-0.787473	0.616349	6.12323E-017
963	4	1	7	21	-404620	811171	-992.5	-0.920164	0.391534	6.12323E-017
964	4	1	7	22	-404457	811756	-992.5	-0.990146	0.140037	6.12323E-017
965	4	1	7	23	-404451	812363	-992.5	-0.992652	-0.121003	6.12323E-017
966	4	1	7	24	-404602	812950	-992.5	-0.92751	-0.373797	6.12323E-017
967	4	1	8	1	-404901	813479	-492.5	-0.79916	-0.601118	6.12323E-017
968	4	1	8	2	-405326	813912	-492.5	-0.616349	-0.787473	6.12323E-017
969	4	1	8	3	-405848	814220	-492.5	-0.391534	-0.920164	6.12323E-017
970	4	1	8	4	-406433	814383	-492.5	-0.140037	-0.990146	6.12323E-017
971	4	1	8	5	-407040	814389	-492.5	0.121003	-0.992652	6.12323E-017
972	4	1	8	6	-407627	814238	-492.5	0.373797	-0.92751	6.12323E-017
973	4	1	8	7	-408156	813939	-492.5	0.601118	-0.79916	6.12323E-017
974	4	1	8	8	-408589	813514	-492.5	0.787473	-0.616349	6.12323E-017
975	4	1	8	9	-408897	812992	-492.5	0.920164	-0.391534	6.12323E-017
976	4	1	8	10	-409060	812407	-492.5	0.990146	-0.140037	6.12323E-017
977	4	1	8	11	-409066	811800	-492.5	0.992652	0.121003	6.12323E-017
978	4	1	8	12	-408914	811213	-492.5	0.92751	0.373797	6.12323E-017
979	4	1	8	13	-408616	810684	-492.5	0.79916	0.601118	6.12323E-017
980	4	1	8	14	-408191	810251	-492.5	0.616349	0.787473	6.12323E-017
981	4	1	8	15	-407669	809943	-492.5	0.391534	0.920164	6.12323E-017
982	4	1	8	16	-407084	809780	-492.5	0.140037	0.990146	6.12323E-017
983	4	1	8	17	-406477	809774	-492.5	-0.121003	0.992652	6.12323E-017
984	4	1	8	18	-405890	809926	-492.5	-0.373797	0.92751	6.12323E-017
985	4	1	8	19	-405361	810224	-492.5	-0.601118	0.79916	6.12323E-017
986	4	1	8	20	-404928	810649	-492.5	-0.787473	0.616349	6.12323E-017
987	4	1	8	21	-404620	811171	-492.5	-0.920164	0.391534	6.12323E-017
988	4	1	8	22	-404457	811756	-492.5	-0.990146	0.140037	6.12323E-017
989	4	1	8	23	-404451	812363	-492.5	-0.992652	-0.121003	6.12323E-017
990	4	1	8	24	-404602	812950	-492.5	-0.92751	-0.373797	6.12323E-017
991	4	2	0	1	-411467	809030	-59	9.64377E-017	-7.5481E-017	-1
992	4	2	0	2	-411467	809030	-4426	0	0	1
993	4	2	0	3	-410209	808363	-59	9.64377E-017	-7.5481E-017	-1
994	4	2	0	4	-410209	808363	-4426	0	0	1
995	4	2	0	5	-411990	807121	-59	-1.3173E-017	-1.21754E-016	-1
996	4	2	0	6	-411990	807121	-4426	0	0	1
997	4	2	1	1	-409901	810656	-3992.5	-0.79916	-0.601118	6.12323E-017
998	4	2	1	2	-410326	811089	-3992.5	-0.616349	-0.787473	6.12323E-017
999	4	2	1	3	-410848	811397	-3992.5	-0.391534	-0.920164	6.12323E-017
1000	4	2	1	4	-411433	811560	-3992.5	-0.140037	-0.990146	6.12323E-017
1001	4	2	1	5	-412040	811566	-3992.5	0.121003	-0.992652	6.12323E-017
1002	4	2	1	6	-412627	811414	-3992.5	0.373797	-0.92751	6.12323E-017
1003	4	2	1	7	-413156	811116	-3992.5	0.601118	-0.79916	6.12323E-017
1004	4	2	1	8	-413589	810691	-3992.5	0.787473	-0.616349	6.12323E-017
1005	4	2	1	9	-413897	810168	-3992.5	0.920164	-0.391534	6.12323E-017
1006	4	2	1	10	-414060	809584	-3992.5	0.990146	-0.140037	6.12323E-017
1007	4	2	1	11	-414066	808977	-3992.5	0.992652	0.121003	6.12323E-017
1008	4	2	1	12	-413914	808390	-3992.5	0.92751	0.373797	6.12323E-017
1009	4	2	1	13	-413616	807861	-3992.5	0.79916	0.601118	6.12323E-017
1010	4	2	1	14	-413191	807428	-3992.5	0.616349	0.787473	6.12323E-017
1011	4	2	1	15	-412669	807120	-3992.5	0.391534	0.920164	6.12323E-017
1012	4	2	1	16	-412084	806957	-3992.5	0.140037	0.990146	6.12323E-017
1013	4	2	1	17	-411477	806951	-3992.5	-0.121003	0.992652	6.12323E-017
1014	4	2	1	18	-410890	807102	-3992.5	-0.373797	0.92751	6.12323E-017
1015	4	2	1	19	-410361	807401	-3992.5	-0.601118	0.79916	6.12323E-017
1016	4	2	1	20	-409928	807826	-3992.5	-0.787473	0.616349	6.12323E-017
1017	4	2	1	21	-409620	808348	-3992.5	-0.920164	0.391534	6.12323E-017
1018	4	2	1	22	-409457	808933	-3992.5	-0.990146	0.140037	6.12323E-017
1019	4	2	1	23	-409451	809540	-3992.5	-0.992652	-0.121003	6.12323E-017
1020	4	2	1	24	-409602	810127	-3992.5	-0.92751	-0.373797	6.12323E-017
1021	4	2	2	1	-409901	810656	-3492.5	-0.79916	-0.601118	6.12323E-017
1022	4	2	2	2	-410326	811089	-3492.5	-0.616349	-0.787473	6.12323E-017
1023	4	2	2	3	-410848	811397	-3492.5	-0.391534	-0.920164	6.12323E-017
1024	4	2	2	4	-411433	811560	-3492.5	-0.140037	-0.990146	6.12323E-017
1025	4	2	2	5	-412040	811566	-3492.5	0.121003	-0.992652	6.12323E-017
1026	4	2	2	6	-412627	811414	-3492.5	0.373797	-0.92751	6.12323E-017
1027	4	2	2	7	-413156	811116	-3492.5	0.601118	-0.79916	6.12323E-017
1028	4	2	2	8	-413589	810691	-3492.5	0.787473	-0.616349	6.12323E-017
1029	4	2	2	9	-413897	810168	-3492.5	0.920164	-0.391534	6.12323E-017
1030	4	2	2	10	-414060	809584	-3492.5	0.990146	-0.140037	6.12323E-017
1031	4	2	2	11	-414066	808977	-3492.5	0.992652	0.121003	6.12323E-017
1032	4	2	2	12	-413914	808390	-3492.5	0.92751	0.373797	6.12323E-017
1033	4	2	2	13	-413616	807861	-3492.5	0.79916	0.601118	6.12323E-017
1034	4	2	2	14	-413191	807428	-3492.5	0.616349	0.787473	6.12323E-017
1035	4	2	2	15	-412669	807120	-3492.5	0.391534	0.920164	6.12323E-017
1036	4	2	2	16	-412084	806957	-3492.5	0.140037	0.990146	6.12323E-017
1037	4	2	2	17	-411477	806951	-3492.5	-0.121003	0.992652	6.12323E-017
1038	4	2	2	18	-410890	807102	-3492.5	-0.373797	0.92751	6.12323E-017
1039	4	2	2	19	-410361	807401	-3492.5	-0.601118	0.79916	6.12323E-017
1040	4	2	2	20	-409928	807826	-3492.5	-0.787473	0.616349	6.12323E-017
1041	4	2	2	21	-409620	808348	-3492.5	-0.920164	0.391534	6.12323E-017
1042	4	2	2	22	-409457	808933	-3492.5	-0.990146	0.140037	6.12323E-017
1043	4	2	2	23	-409451	809540	-3492.5	-0.992652	-0.121003	6.12323E-017
1044	4	2	2	24	-409602	810127	-3492.5	-0.92751	-0.373797	6.12323E-017
1045	4	2	3	1	-409901	810656	-2992.5	-0.79916	-0.601118	6.12323E-017
1046	4	2	3	2	-410326	811089	-2992.5	-0.616349	-0.787473	6.12323E-017
1047	4	2	3	3	-410848	811397	-2992.5	-0.391534	-0.920164	6.12323E-017
1048	4	2	3	4	-411433	811560	-2992.5	-0.140037	-0.990146	6.12323E-017
1049	4	2	3	5	-412040	811566	-2992.5	0.121003	-0.992652	6.12323E-017
1050	4	2	3	6	-412627	811414	-2992.5	0.373797	-0.92751	6.12323E-017
1051	4	2	3	7	-413156	811116	-2992.5	0.601118	-0.79916	6.12323E-017
1052	4	2	3	8	-413589	810691	-2992.5	0.787473	-0.616349	6.12323E-017
1053	4	2	3	9	-413897	810168	-2992.5	0.920164	-0.391534	6.12323E-017
1054	4	2	3	10	-414060	809584	-2992.5	0.990146	-0.140037	6.12323E-017
1055	4	2	3	11	-414066	808977	-2992.5	0.992652	0.121003	6.12323E-017
1056	4	2	3	12	-413914	808390	-2992.5	0.92751	0.373797	6.12323E-017
1057	4	2	3	13	-413616	807861	-2992.5	0.79916	0.601118	6.12323E-017
1058	4	2	3	14	-413191	807428	-2992.5	0.616349	0.787473	6.12323E-017
1059	4	2	3	15	-412669	807120	-2992.5	0.391534	0.920164	6.12323E-017
1060	4	2	3	16	-412084	806957	-2992.5	0.140037	0.990146	6.12323E-017
1061	4	2	3	17	-411477	806951	-2992.5	-0.121003	0.992652	6.12323E-017
1062	4	2	3	18	-410890	807102	-2992.5	-0.373797	0.92751	6.12323E-017
1063	4	2	3	19	-410361	807401	-2992.5	-0.601118	0.79916	6.12323E-017
1064	4	2	3	20	-409928	807826	-2992.5	-0.787473	0.616349	6.12323E-017
1065	4	2	3	21	-409620	808348	-2992.5	-0.920164	0.391534	6.12323E-017
1066	4	2	3	22	-409457	808933	-2992.5	-0.990146	0.140037	6.12323E-017
1067	4	2	3	23	-409451	809540	-2992.5	-0.992652	-0.121003	6.12323E-017
1068	4	2	3	24	-409602	810127	-2992.5	-0.92751	-0.373797	6.12323E-017
1069	4	2	4	1	-409901	810656	-2492.5	-0.79916	-0.601118	6.12323E-017
1070	4	2	4	2	-410326	811089	-2492.5	-0.616349	-0.787473	6.12323E-017
1071	4	2	4	3	-410848	811397	-2492.5	-0.391534	-0.920164	6.12323E-017
1072	4	2	4	4	-411433	811560	-2492.5	-0.140037	-0.990146	6.12323E-017
1073	4	2	4	5	-412040	811566	-2492.5	0.121003	-0.992652	6.12323E-017
1074	4	2	4	6	-412627	811414	-2492.5	0.373797	-0.92751	6.12323E-017
1075	4	2	4	7	-413156	811116	-2492.5	0.601118	-0.79916	6.12323E-017
1076	4	2	4	8	-413589	810691	-2492.5	0.787473	-0.616349	6.12323E-017
1077	4	2	4	9	-413897	810168	-2492.5	0.920164	-0.391534	6.12323E-017
1078	4	2	4	10	-414060	809584	-2492.5	0.990146	-0.140037	6.12323E-017
1079	4	2	4	11	-414066	808977	-2492.5	0.992652	0.121003	6.12323E-017
1080	4	2	4	12	-413914	808390	-2492.5	0.92751	0.373797	6.12323E-017
1081	4	2	4	13	-413616	807861	-2492.5	0.79916	0.601118	6.12323E-017
1082	4	2	4	14	-413191	807428	-2492.5	0.616349	0.787473	6.12323E-017
1083	4	2	4	15	-412669	807120	-2492.5	0.391534	0.920164	6.12323E-017
1084	4	2	4	16	-412084	806957	-2492.5	0.140037	0.990146	6.12323E-017
1085	4	2	4	17	-411477	806951	-2492.5	-0.121003	0.992652	6.12323E-017
1086	4	2	4	18	-410890	807102	-2492.5	-0.373797	0.92751	6.12323E-017
1087	4	2	4	19	-410361	807401	-2492.5	-0.601118	0.79916	6.12323E-017
1088	4	2	4	20	-409928	807826	-2492.5	-0.787473	0.616349	6.12323E-017
1089	4	2	4	21	-409620	808348	-2492.5	-0.920164	0.391534	6.12323E-017
1090	4	2	4	22	-409457	808933	-2492.5	-0.990146	0.140037	6.12323E-017
1091	4	2	4	23	-409451	809540	-2492.5	-0.992652	-0.121003	6.12323E-017
1092	4	2	4	24	-409602	810127	-2492.5	-0.92751	-0.373797	6.12323E-017
1093	4	2	5	1	-409901	810656	-1992.5	-0.79916	-0.601118	6.12323E-017
1094	4	2	5	2	-410326	811089	-1992.5	-0.616349	-0.787473	6.12323E-017
1095	4	2	5	3	-410848	811397	-1992.5	-0.391534	-0.920164	6.12323E-017
1096	4	2	5	4	-411433	811560	-1992.5	-0.140037	-0.990146	6.12323E-017
1097	4	2	5	5	-412040	811566	-1992.5	0.121003	-0.992652	6.12323E-017
1098	4	2	5	6	-412627	811414	-1992.5	0.373797	-0.92751	6.12323E-017
1099	4	2	5	7	-413156	811116	-1992.5	0.601118	-0.79916	6.12323E-017
1100	4	2	5	8	-413589	810691	-1992.5	0.787473	-0.616349	6.12323E-017
1101	4	2	5	9	-413897	810168	-1992.5	0.920164	-0.391534	6.12323E-017
1102	4	2	5	10	-414060	809584	-1992.5	0.990146	-0.140037	6.12323E-017
1103	4	2	5	11	-414066	808977	-1992.5	0.992652	0.121003	6.12323E-017
1104	4	2	5	12	-413914	808390	-1992.5	0.92751	0.373797	6.12323E-017
1105	4	2	5	13	-413616	807861	-1992.5	0.79916	0.601118	6.12323E-017
1106	4	2	5	14	-413191	807428	-1992.5	0.616349	0.787473	6.12323E-017
1107	4	2	5	15	-412669	807120	-1992.5	0.391534	0.920164	6.12323E-017
1108	4	2	5	16	-412084	806957	-1992.5	0.140037	0.990146	6.12323E-017
1109	4	2	5	17	-411477	806951	-1992.5	-0.121003	0.992652	6.12323E-017
1110	4	2	5	18	-410890	807102	-1992.5	-0.373797	0.92751	6.12323E-017
1111	4	2	5	19	-410361	807401	-1992.5	-0.601118	0.79916	6.12323E-017
1112	4	2	5	20	-409928	807826	-1992.5	-0.787473	0.616349	6.12323E-017
1113	4	2	5	21	-409620	808348	-1992.5	-0.920164	0.391534	6.12323E-017
1114	4	2	5	22	-409457	808933	-1992.5	-0.990146	0.140037	6.12323E-017
1115	4	2	5	23	-409451	809540	-1992.5	-0.992652	-0.121003	6.12323E-017
1116	4	2	5	24	-409602	810127	-1992.5	-0.92751	-0.373797	6.12323E-017
1117	4	2	6	1	-409901	810656	-1492.5	-0.79916	-0.601118	6.12323E-017
1118	4	2	6	2	-410326	811089	-1492.5	-0.616349	-0.787473	6.12323E-017
1119	4	2	6	3	-410848	811397	-1492.5	-0.391534	-0.920164	6.12323E-017
1120	4	2	6	4	-411433	811560	-1492.5	-0.140037	-0.990146	6.12323E-017
1121	4	2	6	5	-412040	811566	-1492.5	0.121003	-0.992652	6.12323E-017
1122	4	2	6	6	-412627	811414	-1492.5	0.373797	-0.92751	6.12323E-017
1123	4	2	6	7	-413156	811116	-1492.5	0.601118	-0.79916	6.12323E-017
1124	4	2	6	8	-413589	810691	-1492.5	0.787473	-0.616349	6.12323E-017
1125	4	2	6	9	-413897	810168	-1492.5	0.920164	-0.391534	6.12323E-017
1126	4	2	6	10	-414060	809584	-1492.5	0.990146	-0.140037	6.12323E-017
1127	4	2	6	11	-414066	808977	-1492.5	0.992652	0.121003	6.12323E-017
1128	4	2	6	12	-413914	808390	-1492.5	0.92751	0.373797	6.12323E-017
1129	4	2	6	13	-413616	807861	-1492.5	0.79916	0.601118	6.12323E-017
1130	4	2	6	14	-413191	807428	-1492.5	0.616349	0.787473	6.12323E-017
1131	4	2	6	15	-412669	807120	-1492.5	0.391534	0.920164	6.12323E-017
1132	4	2	6	16	-412084	806957	-1492.5	0.140037	0.990146	6.12323E-017
1133	4	2	6	17	-411477	806951	-1492.5	-0.121003	0.992652	6.12323E-017
1134	4	2	6	18	-410890	807102	-1492.5	-0.373797	0.92751	6.12323E-017
1135	4	2	6	19	-410361	807401	-1492.5	-0.601118	0.79916	6.12323E-017
1136	4	2	6	20	-409928	807826	-1492.5	-0.787473	0.616349	6.12323E-017
1137	4	2	6	21	-409620	808348	-1492.5	-0.920164	0.391534	6.12323E-017
1138	4	2	6	22	-409457	808933	-1492.5	-0.990146	0.140037	6.12323E-017
1139	4	2	6	23	-409451	809540	-1492.5	-0.992652	-0.121003	6.12323E-017
1140	4	2	6	24	-409602	810127	-1492.5	-0.92751	-0.373797	6.12323E-017
1141	4	2	7	1	-409901	810656	-992.5	-0.79916	-0.601118	6.12323E-017
1142	4	2	7	2	-410326	811089	-992.5	-0.616349	-0.787473	6.12323E-017
1143	4	2	7	3	-410848	811397	-992.5	-0.391534	-0.920164	6.12323E-017
1144	4	2	7	4	-411433	811560	-992.5	-0.140037	-0.990146	6.12323E-017
1145	4	2	7	5	-412040	811566	-992.5	0.121003	-0.992652	6.12323E-017
1146	4	2	7	6	-412627	811414	-992.5	0.373797	-0.92751	6.12323E-017
1147	4	2	7	7	-413156	811116	-992.5	0.601118	-0.79916	6.12323E-017
1148	4	2	7	8	-413589	810691	-992.5	0.787473	-0.616349	6.12323E-017
1149	4	2	7	9	-413897	810168	-992.5	0.920164	-0.391534	6.12323E-017
1150	4	2	7	10	-414060	809584	-992.5	0.990146	-0.140037	6.12323E-017
1151	4	2	7	11	-414066	808977	-992.5	0.992652	0.121003	6.12323E-017
1152	4	2	7	12	-413914	808390	-992.5	0.92751	0.373797	6.12323E-017
1153	4	2	7	13	-413616	807861	-992.5	0.79916	0.601118	6.12323E-017
1154	4	2	7	14	-413191	807428	-992.5	0.616349	0.787473	6.12323E-017
1155	4	2	7	15	-412669	807120	-992.5	0.391534	0.920164	6.12323E-017
1156	4	2	7	16	-412084	806957	-992.5	0.140037	0.990146	6.12323E-017
1157	4	2	7	17	-411477	806951	-992.5	-0.121003	0.992652	6.12323E-017
1158	4	2	7	18	-410890	807102	-992.5	-0.373797	0.92751	6.12323E-017
1159	4	2	7	19	-410361	807401	-992.5	-0.601118	0.79916	6.12323E-017
1160	4	2	7	20	-409928	807826	-992.5	-0.787473	0.616349	6.12323E-017
1161	4	2	7	21	-409620	808348	-992.5	-0.920164	0.391534	6.12323E-017
1162	4	2	7	22	-409457	808933	-992.5	-0.990146	0.140037	6.12323E-017
1163	4	2	7	23	-409451	809540	-992.5	-0.992652	-0.121003	6.12323E-017
1164	4	2	7	24	-409602	810127	-992.5	-0.92751	-0.373797	6.12323E-017
1165	4	2	8	1	-409901	810656	-492.5	-0.79916	-0.601118	6.12323E-017
1166	4	2	8	2	-410326	811089	-492.5	-0.616349	-0.787473	6.12323E-017
1167	4	2	8	3	-410848	811397	-492.5	-0.391534	-0.920164	6.12323E-017
1168	4	2	8	4	-411433	811560	-492.5	-0.140037	-0.990146	6.12323E-017
1169	4	2	8	5	-412040	811566	-492.5	0.121003	-0.992652	6.12323E-017
1170	4	2	8	6	-412627	811414	-492.5	0.373797	-0.92751	6.12323E-017
1171	4	2	8	7	-413156	811116	-492.5	0.601118	-0.79916	6.12323E-017
1172	4	2	8	8	-413589	810691	-492.5	0.787473	-0.616349	6.12323E-017
1173	4	2	8	9	-413897	810168	-492.5	0.920164	-0.391534	6.12323E-017
1174	4	2	8	10	-414060	809584	-492.5	0.990146	-0.140037	6.12323E-017
1175	4	2	8	11	-414066	808977	-492.5	0.992652	0.121003	6.12323E-017
1176	4	2	8	12	-413914	808390	-492.5	0.92751	0.373797	6.12323E-017
1177	4	2	8	13	-413616	807861	-492.5	0.79916	0.601118	6.12323E-017
1178	4	2	8	14	-413191	807428	-492.5	0.616349	0.787473	6.12323E-017
1179	4	2	8	15	-412669	807120	-492.5	0.391534	0.920164	6.12323E-017
1180	4	2	8	16	-412084	806957	-492.5	0.140037	0.990146	6.12323E-017
1181	4	2	8	17	-411477	806951	-492.5	-0.121003	0.992652	6.12323E-017
1182	4	2	8	18	-410890	807102	-492.5	-0.373797	0.92751	6.12323E-017
1183	4	2	8	19	-410361	807401	-492.5	-0.601118	0.79916	6.12323E-017
1184	4	2	8	20	-409928	807826	-492.5	-0.787473	0.616349	6.12323E-017
1185	4	2	8	21	-409620	808348	-492.5	-0.920164	0.391534	6.12323E-017
1186	4	2	8	22	-409457	808933	-492.5	-0.990146	0.140037	6.12323E-017
1187	4	2	8	23	-409451	809540	-492.5	-0.992652	-0.121003	6.12323E-017
1188	4	2	8	24	-409602	810127	-492.5	-0.92751	-0.373797	6.12323E-017
1189	4	3	0	1	-409290	816853	-59	9.64377E-017	-7.5481E-017	-1
1190	4	3	0	2	-409290	816853	-4426	0	0	1
1191	4	3	0	3	-408032	816186	-59	9.64377E-017	-7.5481E-017	-1
1192	4	3	0	4	-408032	816186	-4426	0	0	1
1193	4	3	0	5	-409813	814944	-59	-1.3173E-017	-1.21754E-016	-1
1194	4	3	0	6	-409813	814944	-4426	0	0	1
1195	4	3	1	1	-407724	818479	-3992.5	-0.79916	-0.601118	6.12323E-017
1196	4	3	1	2	-408149	818912	-3992.5	-0.616349	-0.787473	6.12323E-017
1197	4	3	1	3	-408671	819220	-3992.5	-0.391534	-0.920164	6.12323E-017
1198	4	3	1	4	-409256	819383	-3992.5	-0.140037	-0.990146	6.12323E-017
1199	4	3	1	5	-409863	819389	-3992.5	0.121003	-0.992652	6.12323E-017
1200	4	3	1	6	-410450	819238	-3992.5	0.373797	-0.92751	6.12323E-017
1201	4	3	1	7	-410979	818939	-3992.5	0.601118	-0.79916	6.12323E-017
1202	4	3	1	8	-411412	818514	-3992.5	0.787473	-0.616349	6.12323E-017
1203	4	3	1	9	-411720	817992	-3992.5	0.920164	-0.391534	6.12323E-017
1204	4	3	1	10	-411883	817407	-3992.5	0.990146	-0.140037	6.12323E-017
1205	4	3	1	11	-411889	816800	-3992.5	0.992652	0.121003	6.12323E-017
1206	4	3	1	12	-411738	816213	-3992.5	0.92751	0.373797	6.12323E-017
1207	4	3	1	13	-411439	815684	-3992.5	0.79916	0.601118	6.12323E-017
1208	4	3	1	14	-411014	815251	-3992.5	0.616349	0.787473	6.12323E-017
1209	4	3	1	15	-410492	814943	-3992.5	0.391534	0.920164	6.12323E-017
1210	4	3	1	16	-409907	814780	-3992.5	0.140037	0.990146	6.12323E-017
1211	4	3	1	17	-409300	814774	-3992.5	-0.121003	0.992652	6.12323E-017
1212	4	3	1	18	-408713	814926	-3992.5	-0.373797	0.92751	6.12323E-017
1213	4	3	1	19	-408184	815224	-3992.5	-0.601118	0.79916	6.12323E-017
1214	4	3	1	20	-407751	815649	-3992.5	-0.787473	0.616349	6.12323E-017
1215	4	3	1	21	-407443	816172	-3992.5	-0.920164	0.391534	6.12323E-017
1216	4	3	1	22	-407280	816756	-3992.5	-0.990146	0.140037	6.12323E-017
1217	4	3	1	23	-407274	817363	-3992.5	-0.992652	-0.121003	6.12323E-017
1218	4	3	1	24	-407426	817950	-3992.5	-0.92751	-0.373797	6.12323E-017
1219	4	3	2	1	-407724	818479	-3492.5	-0.79916	-0.601118	6.12323E-017
1220	4	3	2	2	-408149	818912	-3492.5	-0.616349	-0.787473	6.12323E-017
1221	4	3	2	3	-408671	819220	-3492.5	-0.391534	-0.920164	6.12323E-017
1222	4	3	2	4	-409256	819383	-3492.5	-0.140037	-0.990146	6.12323E-017
1223	4	3	2	5	-409863	819389	-3492.5	0.121003	-0.992652	6.12323E-017
1224	4	3	2	6	-410450	819238	-3492.5	0.373797	-0.92751	6.12323E-017
1225	4	3	2	7	-410979	818939	-3492.5	0.601118	-0.79916	6.12323E-017
1226	4	3	2	8	-411412	818514	-3492.5	0.787473	-0.616349	6.12323E-017
1227	4	3	2	9	-411720	817992	-3492.5	0.920164	-0.391534	6.12323E-017
1228	4	3	2	10	-411883	817407	-3492.5	0.990146	-0.140037	6.12323E-017
1229	4	3	2	11	-411889	816800	-3492.5	0.992652	0.121003	6.12323E-017
1230	4	3	2	12	-411738	816213	-3492.5	0.92751	0.373797	6.12323E-017
1231	4	3	2	13	-411439	815684	-3492.5	0.79916	0.601118	6.12323E-017
1232	4	3	2	14	-411014	815251	-3492.5	0.616349	0.787473	6.12323E-017
1233	4	3	2	15	-410492	814943	-3492.5	0.391534	0.920164	6.12323E-017
1234	4	3	2	16	-409907	814780	-3492.5	0.140037	0.990146	6.12323E-017
1235	4	3	2	17	-409300	814774	-3492.5	-0.121003	0.992652	6.12323E-017
1236	4	3	2	18	-408713	814926	-3492.5	-0.373797	0.92751	6.12323E-017
1237	4	3	2	19	-408184	815224	-3492.5	-0.601118	0.79916	6.12323E-017
1238	4	3	2	20	-407751	815649	-3492.5	-0.787473	0.616349	6.12323E-017
1239	4	3	2	21	-407443	816172	-3492.5	-0.920164	0.391534	6.12323E-017
1240	4	3	2	22	-407280	816756	-3492.5	-0.990146	0.140037	6.12323E-017
1241	4	3	2	23	-407274	817363	-3492.5	-0.992652	-0.121003	6.12323E-017
1242	4	3	2	24	-407426	817950	-3492.5	-0.92751	-0.373797	6.12323E-017
1243	4	3	3	1	-407724	818479	-2992.5	-0.79916	-0.601118	6.12323E-017
1244	4	3	3	2	-408149	818912	-2992.5	-0.616349	-0.787473	6.12323E-017
1245	4	3	3	3	-408671	819220	-2992.5	-0.391534	-0.920164	6.12323E-017
1246	4	3	3	4	-409256	819383	-2992.5	-0.140037	-0.990146	6.12323E-017
1247	4	3	3	5	-409863	819389	-2992.5	0.121003	-0.992652	6.12323E-017
1248	4	3	3	6	-410450	819238	-2992.5	0.373797	-0.92751	6.12323E-017
1249	4	3	3	7	-410979	818939	-2992.5	0.601118	-0.79916	6.12323E-017
1250	4	3	3	8	-411412	818514	-2992.5	0.787473	-0.616349	6.12323E-017
1251	4	3	3	9	-411720	817992	-2992.5	0.920164	-0.391534	6.12323E-017
1252	4	3	3	10	-411883	817407	-2992.5	0.990146	-0.140037	6.12323E-017
1253	4	3	3	11	-411889	816800	-2992.5	0.992652	0.121003	6.12323E-017
1254	4	3	3	12	-411738	816213	-2992.5	0.92751	0.373797	6.12323E-017
1255	4	3	3	13	-411439	815684	-2992.5	0.79916	0.601118	6.12323E-017
1256	4	3	3	14	-411014	815251	-2992.5	0.616349	0.787473	6.12323E-017
1257	4	3	3	15	-410492	814943	-2992.5	0.391534	0.920164	6.12323E-017
1258	4	3	3	16	-409907	814780	-2992.5	0.140037	0.990146	6.12323E-017
1259	4	3	3	17	-409300	814774	-2992.5	-0.121003	0.992652	6.12323E-017
1260	4	3	3	18	-408713	814926	-2992.5	-0.373797	0.92751	6.12323E-017
1261	4	3	3	19	-408184	815224	-2992.5	-0.601118	0.79916	6.12323E-017
1262	4	3	3	20	-407751	815649	-2992.5	-0.787473	0.616349	6.12323E-017
1263	4	3	3	21	-407443	816172	-2992.5	-0.920164	0.391534	6.12323E-017
1264	4	3	3	22	-407280	816756	-2992.5	-0.990146	0.140037	6.12323E-017
1265	4	3	3	23	-407274	817363	-2992.5	-0.992652	-0.121003	6.12323E-017
1266	4	3	3	24	-407426	817950	-2992.5	-0.92751	-0.373797	6.12323E-017
1267	4	3	4	1	-407724	818479	-2492.5	-0.79916	-0.601118	6.12323E-017
1268	4	3	4	2	-408149	818912	-2492.5	-0.616349	-0.787473	6.12323E-017
1269	4	3	4	3	-408671	819220	-2492.5	-0.391534	-0.920164	6.12323E-017
1270	4	3	4	4	-409256	819383	-2492.5	-0.140037	-0.990146	6.12323E-017
1271	4	3	4	5	-409863	819389	-2492.5	0.121003	-0.992652	6.12323E-017
1272	4	3	4	6	-410450	819238	-2492.5	0.373797	-0.92751	6.12323E-017
1273	4	3	4	7	-410979	818939	-2492.5	0.601118	-0.79916	6.12323E-017
1274	4	3	4	8	-411412	818514	-2492.5	0.787473	-0.616349	6.12323E-017
1275	4	3	4	9	-411720	817992	-2492.5	0.920164	-0.391534	6.12323E-017
1276	4	3	4	10	-411883	817407	-2492.5	0.990146	-0.140037	6.12323E-017
1277	4	3	4	11	-411889	816800	-2492.5	0.992652	0.121003	6.12323E-017
1278	4	3	4	12	-411738	816213	-2492.5	0.92751	0.373797	6.12323E-017
1279	4	3	4	13	-411439	815684	-2492.5	0.79916	0.601118	6.12323E-017
1280	4	3	4	14	-411014	815251	-2492.5	0.616349	0.787473	6.12323E-017
1281	4	3	4	15	-410492	814943	-2492.5	0.391534	0.920164	6.12323E-017
1282	4	3	4	16	-409907	814780	-2492.5	0.140037	0.990146	6.12323E-017
1283	4	3	4	17	-409300	814774	-2492.5	-0.121003	0.992652	6.12323E-017
1284	4	3	4	18	-408713	814926	-2492.5	-0.373797	0.92751	6.12323E-017
1285	4	3	4	19	-408184	815224	-2492.5	-0.601118	0.79916	6.12323E-017
1286	4	3	4	20	-407751	815649	-2492.5	-0.787473	0.616349	6.12323E-017
1287	4	3	4	21	-407443	816172	-2492.5	-0.920164	0.391534	6.12323E-017
1288	4	3	4	22	-407280	816756	-2492.5	-0.990146	0.140037	6.12323E-017
1289	4	3	4	23	-407274	817363	-2492.5	-0.992652	-0.121003	6.12323E-017
1290	4	3	4	24	-407426	817950	-2492.5	-0.92751	-0.373797	6.12323E-017
1291	4	3	5	1	-407724	818479	-1992.5	-0.79916	-0.601118	6.12323E-017
1292	4	3	5	2	-408149	818912	-1992.5	-0.616349	-0.787473	6.12323E-017
1293	4	3	5	3	-408671	819220	-1992.5	-0.391534	-0.920164	6.12323E-017
1294	4	3	5	4	-409256	819383	-1992.5	-0.140037	-0.990146	6.12323E-017
1295	4	3	5	5	-409863	819389	-1992.5	0.121003	-0.992652	6.12323E-017
1296	4	3	5	6	-410450	819238	-1992.5	0.373797	-0.92751	6.12323E-017
1297	4	3	5	7	-410979	818939	-1992.5	0.601118	-0.79916	6.12323E-017
1298	4	3	5	8	-411412	818514	-1992.5	0.787473	-0.616349	6.12323E-017
1299	4	3	5	9	-411720	817992	-1992.5	0.920164	-0.391534	6.12323E-017
1300	4	3	5	10	-411883	817407	-1992.5	0.990146	-0.140037	6.12323E-017
1301	4	3	5	11	-411889	816800	-1992.5	0.992652	0.121003	6.12323E-017
1302	4	3	5	12	-411738	816213	-1992.5	0.92751	0.373797	6.12323E-017
1303	4	3	5	13	-411439	815684	-1992.5	0.79916	0.601118	6.12323E-017
1304	4	3	5	14	-411014	815251	-1992.5	0.616349	0.787473	6.12323E-017
1305	4	3	5	15	-410492	814943	-1992.5	0.391534	0.920164	6.12323E-017
1306	4	3	5	16	-409907	814780	-1992.5	0.140037	0.990146	6.12323E-017
1307	4	3	5	17	-409300	814774	-1992.5	-0.121003	0.992652	6.12323E-017
1308	4	3	5	18	-408713	814926	-1992.5	-0.373797	0.92751	6.12323E-017
1309	4	3	5	19	-408184	815224	-1992.5	-0.601118	0.79916	6.12323E-017
1310	4	3	5	20	-407751	815649	-1992.5	-0.787473	0.616349	6.12323E-017
1311	4	3	5	21	-407443	816172	-1992.5	-0.920164	0.391534	6.12323E-017
1312	4	3	5	22	-407280	816756	-1992.5	-0.990146	0.140037	6.12323E-017
1313	4	3	5	23	-407274	817363	-1992.5	-0.992652	-0.121003	6.12323E-017
1314	4	3	5	24	-407426	817950	-1992.5	-0.92751	-0.373797	6.12323E-017
1315	4	3	6	1	-407724	818479	-1492.5	-0.79916	-0.601118	6.12323E-017
1316	4	3	6	2	-408149	818912	-1492.5	-0.616349	-0.787473	6.12323E-017
1317	4	3	6	3	-408671	819220	-1492.5	-0.391534	-0.920164	6.12323E-017
1318	4	3	6	4	-409256	819383	-1492.5	-0.140037	-0.990146	6.12323E-017
1319	4	3	6	5	-409863	819389	-1492.5	0.121003	-0.992652	6.12323E-017
1320	4	3	6	6	-410450	819238	-1492.5	0.373797	-0.92751	6.12323E-017
1321	4	3	6	7	-410979	818939	-1492.5	0.601118	-0.79916	6.12323E-017
1322	4	3	6	8	-411412	818514	-1492.5	0.787473	-0.616349	6.12323E-017
1323	4	3	6	9	-411720	817992	-1492.5	0.920164	-0.391534	6.12323E-017
1324	4	3	6	10	-411883	817407	-1492.5	0.990146	-0.140037	6.12323E-017
1325	4	3	6	11	-411889	816800	-1492.5	0.992652	0.121003	6.12323E-017
1326	4	3	6	12	-411738	816213	-1492.5	0.92751	0.373797	6.12323E-017
1327	4	3	6	13	-411439	815684	-1492.5	0.79916	0.601118	6.12323E-017
1328	4	3	6	14	-411014	815251	-1492.5	0.616349	0.787473	6.12323E-017
1329	4	3	6	15	-410492	814943	-1492.5	0.391534	0.920164	6.12323E-017
1330	4	3	6	16	-409907	814780	-1492.5	0.140037	0.990146	6.12323E-017
1331	4	3	6	17	-409300	814774	-1492.5	-0.121003	0.992652	6.12323E-017
1332	4	3	6	18	-408713	814926	-1492.5	-0.373797	0.92751	6.12323E-017
1333	4	3	6	19	-408184	815224	-1492.5	-0.601118	0.79916	6.12323E-017
1334	4	3	6	20	-407751	815649	-1492.5	-0.787473	0.616349	6.12323E-017
1335	4	3	6	21	-407443	816172	-1492.5	-0.920164	0.391534	6.12323E-017
1336	4	3	6	22	-407280	816756	-1492.5	-0.990146	0.140037	6.12323E-017
1337	4	3	6	23	-407274	817363	-1492.5	-0.992652	-0.121003	6.12323E-017
1338	4	3	6	24	-407426	817950	-1492.5	-0.92751	-0.373797	6.12323E-017
1339	4	3	7	1	-407724	818479	-992.5	-0.79916	-0.601118	6.12323E-017
1340	4	3	7	2	-408149	818912	-992.5	-0.616349	-0.787473	6.12323E-017
1341	4	3	7	3	-408671	819220	-992.5	-0.391534	-0.920164	6.12323E-017
1342	4	3	7	4	-409256	819383	-992.5	-0.140037	-0.990146	6.12323E-017
1343	4	3	7	5	-409863	819389	-992.5	0.121003	-0.992652	6.12323E-017
1344	4	3	7	6	-410450	819238	-992.5	0.373797	-0.92751	6.12323E-017
1345	4	3	7	7	-410979	818939	-992.5	0.601118	-0.79916	6.12323E-017
1346	4	3	7	8	-411412	818514	-992.5	0.787473	-0.616349	6.12323E-017
1347	4	3	7	9	-411720	817992	-992.5	0.920164	-0.391534	6.12323E-017
1348	4	3	7	10	-411883	817407	-992.5	0.990146	-0.140037	6.12323E-017
1349	4	3	7	11	-411889	816800	-992.5	0.992652	0.121003	6.12323E-017
1350	4	3	7	12	-411738	816213	-992.5	0.92751	0.373797	6.12323E-017
1351	4	3	7	13	-411439	815684	-992.5	0.79916	0.601118	6.12323E-017
1352	4	3	7	14	-411014	815251	-992.5	0.616349	0.787473	6.12323E-017
1353	4	3	7	15	-410492	814943	-992.5	0.391534	0.920164	6.12323E-017
1354	4	3	7	16	-409907	814780	-992.5	0.140037	0.990146	6.12323E-017
1355	4	3	7	17	-409300	814774	-992.5	-0.121003	0.992652	6.12323E-017
1356	4	3	7	18	-408713	814926	-992.5	-0.373797	0.92751	6.12323E-017
1357	4	3	7	19	-408184	815224	-992.5	-0.601118	0.79916	6.12323E-017
1358	4	3	7	20	-407751	815649	-992.5	-0.787473	0.616349	6.12323E-017
1359	4	3	7	21	-407443	816172	-992.5	-0.920164	0.391534	6.12323E-017
1360	4	3	7	22	-407280	816756	-992.5	-0.990146	0.140037	6.12323E-017
1361	4	3	7	23	-407274	817363	-992.5	-0.992652	-0.121003	6.12323E-017
1362	4	3	7	24	-407426	817950	-992.5	-0.92751	-0.373797	6.12323E-017
1363	4	3	8	1	-407724	818479	-492.5	-0.79916	-0.601118	6.12323E-017
1364	4	3	8	2	-408149	818912	-492.5	-0.616349	-0.787473	6.12323E-017
1365	4	3	8	3	-408671	819220	-492.5	-0.391534	-0.920164	6.12323E-017
1366	4	3	8	4	-409256	819383	-492.5	-0.140037	-0.990146	6.12323E-017
1367	4	3	8	5	-409863	819389	-492.5	0.121003	-0.992652	6.12323E-017
1368	4	3	8	6	-410450	819238	-492.5	0.373797	-0.92751	6.12323E-017
1369	4	3	8	7	-410979	818939	-492.5	0.601118	-0.79916	6.12323E-017
1370	4	3	8	8	-411412	818514	-492.5	0.787473	-0.616349	6.12323E-017
1371	4	3	8	9	-411720	817992	-492.5	0.920164	-0.391534	6.12323E-017
1372	4	3	8	10	-411883	817407	-492.5	0.990146	-0.140037	6.12323E-017
1373	4	3	8	11	-411889	816800	-492.5	0.992652	0.121003	6.12323E-017
1374	4	3	8	12	-411738	816213	-492.5	0.92751	0.373797	6.12323E-017
1375	4	3	8	13	-411439	815684	-492.5	0.79916	0.601118	6.12323E-017
1376	4	3	8	14	-411014	815251	-492.5	0.616349	0.787473	6.12323E-017
1377	4	3	8	15	-410492	814943	-492.5	0.391534	0.920164	6.12323E-017
1378	4	3	8	16	-409907	814780	-492.5	0.140037	0.990146	6.12323E-017
1379	4	3	8	17	-409300	814774	-492.5	-0.121003	0.992652	6.12323E-017
1380	4	3	8	18	-408713	814926	-492.5	-0.373797	0.92751	6.12323E-017
1381	4	3	8	19	-408184	815224	-492.5	-0.601118	0.79916	6.12323E-017
1382	4	3	8	20	-407751	815649	-492.5	-0.787473	0.616349	6.12323E-017
1383	4	3	8	21	-407443	816172	-492.5	-0.920164	0.391534	6.12323E-017
1384	4	3	8	22	-407280	816756	-492.5	-0.990146	0.140037	6.12323E-017
1385	4	3	8	23	-407274	817363	-492.5	-0.992652	-0.121003	6.12323E-017
1386	4	3	8	24	-407426	817950	-492.5	-0.92751	-0.373797	6.12323E-017
1387	4	4	0	1	-414290	814030	-59	9.64377E-017	-7.5481E-017	-1
1388	4	4	0	2	-414290	814030	-4426	0	0	1
1389	4	4	0	3	-413032	813363	-59	9.64377E-017	-7.5481E-017	-1
1390	4	4	0	4	-413032	813363	-4426	0	0	1
1391	4	4	0	5	-414813	812121	-59	-1.3173E-017	-1.21754E-016	-1
1392	4	4	0	6	-414813	812121	-4426	0	0	1
1393	4	4	1	1	-412724	815656	-3992.5	-0.79916	-0.601118	6.12323E-017
1394	4	4	1	2	-413149	816089	-3992.5	-0.616349	-0.787473	6.12323E-017
1395	4	4	1	3	-413671	816397	-3992.5	-0.391534	-0.920164	6.12323E-017
1396	4	4	1	4	-414256	816560	-3992.5	-0.140037	-0.990146	6.12323E-017
1397	4	4	1	5	-414863	816566	-3992.5	0.121003	-0.992652	6.12323E-017
1398	4	4	1	6	-415450	816414	-3992.5	0.373797	-0.92751	6.12323E-017
1399	4	4	1	7	-415979	816116	-3992.5	0.601118	-0.79916	6.12323E-017
1400	4	4	1	8	-416412	815691	-3992.5	0.787473	-0.616349	6.12323E-017
1401	4	4	1	9	-416720	815169	-3992.5	0.920164	-0.391534	6.12323E-017
1402	4	4	1	10	-416883	814584	-3992.5	0.990146	-0.140037	6.12323E-017
1403	4	4	1	11	-416889	813977	-3992.5	0.992652	0.121003	6.12323E-017
1404	4	4	1	12	-416738	813390	-3992.5	0.92751	0.373797	6.12323E-017
1405	4	4	1	13	-416439	812861	-3992.5	0.79916	0.601118	6.12323E-017
1406	4	4	1	14	-416014	812428	-3992.5	0.616349	0.787473	6.12323E-017
1407	4	4	1	15	-415492	812120	-3992.5	0.391534	0.920164	6.12323E-017
1408	4	4	1	16	-414907	811957	-3992.5	0.140037	0.990146	6.12323E-017
1409	4	4	1	17	-414300	811951	-3992.5	-0.121003	0.992652	6.12323E-017
1410	4	4	1	18	-413713	812102	-3992.5	-0.373797	0.92751	6.12323E-017
1411	4	4	1	19	-413184	812401	-3992.5	-0.601118	0.79916	6.12323E-017
1412	4	4	1	20	-412751	812826	-3992.5	-0.787473	0.616349	6.12323E-017
1413	4	4	1	21	-412443	813348	-3992.5	-0.920164	0.391534	6.12323E-017
1414	4	4	1	22	-412280	813933	-3992.5	-0.990146	0.140037	6.12323E-017
1415	4	4	1	23	-412274	814540	-3992.5	-0.992652	-0.121003	6.12323E-017
1416	4	4	1	24	-412426	815127	-3992.5	-0.92751	-0.373797	6.12323E-017
1417	4	4	2	1	-412724	815656	-3492.5	-0.79916	-0.601118	6.12323E-017
1418	4	4	2	2	-413149	816089	-3492.5	-0.616349	-0.787473	6.12323E-017
1419	4	4	2	3	-413671	816397	-3492.5	-0.391534	-0.920164	6.12323E-017
1420	4	4	2	4	-414256	816560	-3492.5	-0.140037	-0.990146	6.12323E-017
1421	4	4	2	5	-414863	816566	-3492.5	0.121003	-0.992652	6.12323E-017
1422	4	4	2	6	-415450	816414	-3492.5	0.373797	-0.92751	6.12323E-017
1423	4	4	2	7	-415979	816116	-3492.5	0.601118	-0.79916	6.12323E-017
1424	4	4	2	8	-416412	815691	-3492.5	0.787473	-0.616349	6.12323E-017
1425	4	4	2	9	-416720	815169	-3492.5	0.920164	-0.391534	6.12323E-017
1426	4	4	2	10	-416883	814584	-3492.5	0.990146	-0.140037	6.12323E-017
1427	4	4	2	11	-416889	813977	-3492.5	0.992652	0.121003	6.12323E-017
1428	4	4	2	12	-416738	813390	-3492.5	0.92751	0.373797	6.12323E-017
1429	4	4	2	13	-416439	812861	-3492.5	0.79916	0.601118	6.12323E-017
1430	4	4	2	14	-416014	812428	-3492.5	0.616349	0.787473	6.12323E-017
1431	4	4	2	15	-415492	812120	-3492.5	0.391534	0.920164	6.12323E-017
1432	4	4	2	16	-414907	811957	-3492.5	0.140037	0.990146	6.12323E-017
1433	4	4	2	17	-414300	811951	-3492.5	-0.121003	0.992652	6.12323E-017
1434	4	4	2	18	-413713	812102	-3492.5	-0.373797	0.92751	6.12323E-017
1435	4	4	2	19	-413184	812401	-3492.5	-0.601118	0.79916	6.12323E-017
1436	4	4	2	20	-412751	812826	-3492.5	-0.787473	0.616349	6.12323E-017
1437	4	4	2	21	-412443	813348	-3492.5	-0.920164	0.391534	6.12323E-017
1438	4	4	2	22	-412280	813933	-3492.5	-0.990146	0.140037	6.12323E-017
1439	4	4	2	23	-412274	814540	-3492.5	-0.992652	-0.121003	6.12323E-017
1440	4	4	2	24	-412426	815127	-3492.5	-0.92751	-0.373797	6.12323E-017
1441	4	4	3	1	-412724	815656	-2992.5	-0.79916	-0.601118	6.12323E-017
1442	4	4	3	2	-413149	816089	-2992.5	-0.616349	-0.787473	6.12323E-017
1443	4	4	3	3	-413671	816397	-2992.5	-0.391534	-0.920164	6.12323E-017
1444	4	4	3	4	-414256	816560	-2992.5	-0.140037	-0.990146	6.12323E-017
1445	4	4	3	5	-414863	816566	-2992.5	0.121003	-0.992652	6.12323E-017
1446	4	4	3	6	-415450	816414	-2992.5	0.373797	-0.92751	6.12323E-017
1447	4	4	3	7	-415979	816116	-2992.5	0.601118	-0.79916	6.12323E-017
1448	4	4	3	8	-416412	815691	-2992.5	0.787473	-0.616349	6.12323E-017
1449	4	4	3	9	-416720	815169	-2992.5	0.920164	-0.391534	6.12323E-017
1450	4	4	3	10	-416883	814584	-2992.5	0.990146	-0.140037	6.12323E-017
1451	4	4	3	11	-416889	813977	-2992.5	0.992652	0.121003	6.12323E-017
1452	4	4	3	12	-416738	813390	-2992.5	0.92751	0.373797	6.12323E-017
1453	4	4	3	13	-416439	812861	-2992.5	0.79916	0.601118	6.12323E-017
1454	4	4	3	14	-416014	812428	-2992.5	0.616349	0.787473	6.12323E-017
1455	4	4	3	15	-415492	812120	-2992.5	0.391534	0.920164	6.12323E-017
1456	4	4	3	16	-414907	811957	-2992.5	0.140037	0.990146	6.12323E-017
1457	4	4	3	17	-414300	811951	-2992.5	-0.121003	0.992652	6.12323E-017
1458	4	4	3	18	-413713	812102	-2992.5	-0.373797	0.92751	6.12323E-017
1459	4	4	3	19	-413184	812401	-2992.5	-0.601118	0.79916	6.12323E-017
1460	4	4	3	20	-412751	812826	-2992.5	-0.787473	0.616349	6.12323E-017
1461	4	4	3	21	-412443	813348	-2992.5	-0.920164	0.391534	6.12323E-017
1462	4	4	3	22	-412280	813933	-2992.5	-0.990146	0.140037	6.12323E-017
1463	4	4	3	23	-412274	814540	-2992.5	-0.992652	-0.121003	6.12323E-017
1464	4	4	3	24	-412426	815127	-2992.5	-0.92751	-0.373797	6.12323E-017
1465	4	4	4	1	-412724	815656	-2492.5	-0.79916	-0.601118	6.12323E-017
1466	4	4	4	2	-413149	816089	-2492.5	-0.616349	-0.787473	6.12323E-017
1467	4	4	4	3	-413671	816397	-2492.5	-0.391534	-0.920164	6.12323E-017
1468	4	4	4	4	-414256	816560	-2492.5	-0.140037	-0.990146	6.12323E-017
1469	4	4	4	5	-414863	816566	-2492.5	0.121003	-0.992652	6.12323E-017
1470	4	4	4	6	-415450	816414	-2492.5	0.373797	-0.92751	6.12323E-017
1471	4	4	4	7	-415979	816116	-2492.5	0.601118	-0.79916	6.12323E-017
1472	4	4	4	8	-416412	815691	-2492.5	0.787473	-0.616349	6.12323E-017
1473	4	4	4	9	-416720	815169	-2492.5	0.920164	-0.391534	6.12323E-017
1474	4	4	4	10	-416883	814584	-2492.5	0.990146	-0.140037	6.12323E-017
1475	4	4	4	11	-416889	813977	-2492.5	0.992652	0.121003	6.12323E-017
1476	4	4	4	12	-416738	813390	-2492.5	0.92751	0.373797	6.12323E-017
1477	4	4	4	13	-416439	812861	-2492.5	0.79916	0.601118	6.12323E-017
1478	4	4	4	14	-416014	812428	-2492.5	0.616349	0.787473	6.12323E-017
1479	4	4	4	15	-415492	812120	-2492.5	0.391534	0.920164	6.12323E-017
1480	4	4	4	16	-414907	811957	-2492.5	0.140037	0.990146	6.12323E-017
1481	4	4	4	17	-414300	811951	-2492.5	-0.121003	0.992652	6.12323E-017
1482	4	4	4	18	-413713	812102	-2492.5	-0.373797	0.92751	6.12323E-017
1483	4	4	4	19	-413184	812401	-2492.5	-0.601118	0.79916	6.12323E-017
1484	4	4	4	20	-412751	812826	-2492.5	-0.787473	0.616349	6.12323E-017
1485	4	4	4	21	-412443	813348	-2492.5	-0.920164	0.391534	6.12323E-017
1486	4	4	4	22	-412280	813933	-2492.5	-0.990146	0.140037	6.12323E-017
1487	4	4	4	23	-412274	814540	-2492.5	-0.992652	-0.121003	6.12323E-017
1488	4	4	4	24	-412426	815127	-2492.5	-0.92751	-0.373797	6.12323E-017
1489	4	4	5	1	-412724	815656	-1992.5	-0.79916	-0.601118	6.12323E-017
1490	4	4	5	2	-413149	816089	-1992.5	-0.616349	-0.787473	6.12323E-017
1491	4	4	5	3	-413671	816397	-1992.5	-0.391534	-0.920164	6.12323E-017
1492	4	4	5	4	-414256	816560	-1992.5	-0.140037	-0.990146	6.12323E-017
1493	4	4	5	5	-414863	816566	-1992.5	0.121003	-0.992652	6.12323E-017
1494	4	4	5	6	-415450	816414	-1992.5	0.373797	-0.92751	6.12323E-017
1495	4	4	5	7	-415979	816116	-1992.5	0.601118	-0.79916	6.12323E-017
1496	4	4	5	8	-416412	815691	-1992.5	0.787473	-0.616349	6.12323E-017
1497	4	4	5	9	-416720	815169	-1992.5	0.920164	-0.391534	6.12323E-017
1498	4	4	5	10	-416883	814584	-1992.5	0.990146	-0.140037	6.12323E-017
1499	4	4	5	11	-416889	813977	-1992.5	0.992652	0.121003	6.12323E-017
1500	4	4	5	12	-416738	813390	-1992.5	0.92751	0.373797	6.12323E-017
1501	4	4	5	13	-416439	812861	-1992.5	0.79916	0.601118	6.12323E-017
1502	4	4	5	14	-416014	812428	-1992.5	0.616349	0.787473	6.12323E-017
1503	4	4	5	15	-415492	812120	-1992.5	0.391534	0.920164	6.12323E-017
1504	4	4	5	16	-414907	811957	-1992.5	0.140037	0.990146	6.12323E-017
1505	4	4	5	17	-414300	811951	-1992.5	-0.121003	0.992652	6.12323E-017
1506	4	4	5	18	-413713	812102	-1992.5	-0.373797	0.92751	6.12323E-017
1507	4	4	5	19	-413184	812401	-1992.5	-0.601118	0.79916	6.12323E-017
1508	4	4	5	20	-412751	812826	-1992.5	-0.787473	0.616349	6.12323E-017
1509	4	4	5	21	-412443	813348	-1992.5	-0.920164	0.391534	6.12323E-017
1510	4	4	5	22	-412280	813933	-1992.5	-0.990146	0.140037	6.12323E-017
1511	4	4	5	23	-412274	814540	-1992.5	-0.992652	-0.121003	6.12323E-017
1512	4	4	5	24	-412426	815127	-1992.5	-0.92751	-0.373797	6.12323E-017
1513	4	4	6	1	-412724	815656	-1492.5	-0.79916	-0.601118	6.12323E-017
1514	4	4	6	2	-413149	816089	-1492.5	-0.616349	-0.787473	6.12323E-017
1515	4	4	6	3	-413671	816397	-1492.5	-0.391534	-0.920164	6.12323E-017
1516	4	4	6	4	-414256	816560	-1492.5	-0.140037	-0.990146	6.12323E-017
1517	4	4	6	5	-414863	816566	-1492.5	0.121003	-0.992652	6.12323E-017
1518	4	4	6	6	-415450	816414	-1492.5	0.373797	-0.92751	6.12323E-017
1519	4	4	6	7	-415979	816116	-1492.5	0.601118	-0.79916	6.12323E-017
1520	4	4	6	8	-416412	815691	-1492.5	0.787473	-0.616349	6.12323E-017
1521	4	4	6	9	-416720	815169	-1492.5	0.920164	-0.391534	6.12323E-017
1522	4	4	6	10	-416883	814584	-1492.5	0.990146	-0.140037	6.12323E-017
1523	4	4	6	11	-416889	813977	-1492.5	0.992652	0.121003	6.12323E-017
1524	4	4	6	12	-416738	813390	-1492.5	0.92751	0.373797	6.12323E-017
1525	4	4	6	13	-416439	812861	-1492.5	0.79916	0.601118	6.12323E-017
1526	4	4	6	14	-416014	812428	-1492.5	0.616349	0.787473	6.12323E-017
1527	4	4	6	15	-415492	812120	-1492.5	0.391534	0.920164	6.12323E-017
1528	4	4	6	16	-414907	811957	-1492.5	0.140037	0.990146	6.12323E-017
1529	4	4	6	17	-414300	811951	-1492.5	-0.121003	0.992652	6.12323E-017
1530	4	4	6	18	-413713	812102	-1492.5	-0.373797	0.92751	6.12323E-017
1531	4	4	6	19	-413184	812401	-1492.5	-0.601118	0.79916	6.12323E-017
1532	4	4	6	20	-412751	812826	-1492.5	-0.787473	0.616349	6.12323E-017
1533	4	4	6	21	-412443	813348	-1492.5	-0.920164	0.391534	6.12323E-017
1534	4	4	6	22	-412280	813933	-1492.5	-0.990146	0.140037	6.12323E-017
1535	4	4	6	23	-412274	814540	-1492.5	-0.992652	-0.121003	6.12323E-017
1536	4	4	6	24	-412426	815127	-1492.5	-0.92751	-0.373797	6.12323E-017
1537	4	4	7	1	-412724	815656	-992.5	-0.79916	-0.601118	6.12323E-017
1538	4	4	7	2	-413149	816089	-992.5	-0.616349	-0.787473	6.12323E-017
1539	4	4	7	3	-413671	816397	-992.5	-0.391534	-0.920164	6.12323E-017
1540	4	4	7	4	-414256	816560	-992.5	-0.140037	-0.990146	6.12323E-017
1541	4	4	7	5	-414863	816566	-992.5	0.121003	-0.992652	6.12323E-017
1542	4	4	7	6	-415450	816414	-992.5	0.373797	-0.92751	6.12323E-017
1543	4	4	7	7	-415979	816116	-992.5	0.601118	-0.79916	6.12323E-017
1544	4	4	7	8	-416412	815691	-992.5	0.787473	-0.616349	6.12323E-017
1545	4	4	7	9	-416720	815169	-992.5	0.920164	-0.391534	6.12323E-017
1546	4	4	7	10	-416883	814584	-992.5	0.990146	-0.140037	6.12323E-017
1547	4	4	7	11	-416889	813977	-992.5	0.992652	0.121003	6.12323E-017
1548	4	4	7	12	-416738	813390	-992.5	0.92751	0.373797	6.12323E-017
1549	4	4	7	13	-416439	812861	-992.5	0.79916	0.601118	6.12323E-017
1550	4	4	7	14	-416014	812428	-992.5	0.616349	0.787473	6.12323E-017
1551	4	4	7	15	-415492	812120	-992.5	0.391534	0.920164	6.12323E-017
1552	4	4	7	16	-414907	811957	-992.5	0.140037	0.990146	6.12323E-017
1553	4	4	7	17	-414300	811951	-992.5	-0.121003	0.992652	6.12323E-017
1554	4	4	7	18	-413713	812102	-992.5	-0.373797	0.92751	6.12323E-017
1555	4	4	7	19	-413184	812401	-992.5	-0.601118	0.79916	6.12323E-017
1556	4	4	7	20	-412751	812826	-992.5	-0.787473	0.616349	6.12323E-017
1557	4	4	7	21	-412443	813348	-992.5	-0.920164	0.391534	6.12323E-017
1558	4	4	7	22	-412280	813933	-992.5	-0.990146	0.140037	6.12323E-017
1559	4	4	7	23	-412274	814540	-992.5	-0.992652	-0.121003	6.12323E-017
1560	4	4	7	24	-412426	815127	-992.5	-0.92751	-0.373797	6.12323E-017
1561	4	4	8	1	-412724	815656	-492.5	-0.79916	-0.601118	6.12323E-017
1562	4	4	8	2	-413149	816089	-492.5	-0.616349	-0.787473	6.12323E-017
1563	4	4	8	3	-413671	816397	-492.5	-0.391534	-0.920164	6.12323E-017
1564	4	4	8	4	-414256	816560	-492.5	-0.140037	-0.990146	6.12323E-017
1565	4	4	8	5	-414863	816566	-492.5	0.121003	-0.992652	6.12323E-017
1566	4	4	8	6	-415450	816414	-492.5	0.373797	-0.92751	6.12323E-017
1567	4	4	8	7	-415979	816116	-492.5	0.601118	-0.79916	6.12323E-017
1568	4	4	8	8	-416412	815691	-492.5	0.787473	-0.616349	6.12323E-017
1569	4	4	8	9	-416720	815169	-492.5	0.920164	-0.391534	6.12323E-017
1570	4	4	8	10	-416883	814584	-492.5	0.990146	-0.140037	6.12323E-017
1571	4	4	8	11	-416889	813977	-492.5	0.992652	0.121003	6.12323E-017
1572	4	4	8	12	-416738	813390	-492.5	0.92751	0.373797	6.12323E-017
1573	4	4	8	13	-416439	812861	-492.5	0.79916	0.601118	6.12323E-017
1574	4	4	8	14	-416014	812428	-492.5	0.616349	0.787473	6.12323E-017
1575	4	4	8	15	-415492	812120	-492.5	0.391534	0.920164	6.12323E-017
1576	4	4	8	16	-414907	811957	-492.5	0.140037	0.990146	6.12323E-017
1577	4	4	8	17	-414300	811951	-492.5	-0.121003	0.992652	6.12323E-017
1578	4	4	8	18	-413713	812102	-492.5	-0.373797	0.92751	6.12323E-017
1579	4	4	8	19	-413184	812401	-492.5	-0.601118	0.79916	6.12323E-017
1580	4	4	8	20	-412751	812826	-492.5	-0.787473	0.616349	6.12323E-017
1581	4	4	8	21	-412443	813348	-492.5	-0.920164	0.391534	6.12323E-017
1582	4	4	8	22	-412280	813933	-492.5	-0.990146	0.140037	6.12323E-017
1583	4	4	8	23	-412274	814540	-492.5	-0.992652	-0.121003	6.12323E-017
1584	4	4	8	24	-412426	815127	-492.5	-0.92751	-0.373797	6.12323E-017

