4 1 0 1 -406467 811853 -59 9.64377e-17 -7.5481e-17 -1
4 1 0 2 -406467 811853 -4426 0 0 1
4 1 0 3 -405209 811186 -59 9.64377e-17 -7.5481e-17 -1
4 1 0 4 -405209 811186 -4426 0 0 1
4 1 0 5 -406990 809944 -59 -1.3173e-17 -1.21754e-16 -1
4 1 0 6 -406990 809944 -4426 0 0 1
4 1 1 1 -404901 813479 -3992.5 -0.79916 -0.601118 6.12323e-17
4 1 1 2 -405326 813912 -3992.5 -0.616349 -0.787473 6.12323e-17
4 1 1 3 -405848 814220 -3992.5 -0.391534 -0.920164 6.12323e-17
4 1 1 4 -406433 814383 -3992.5 -0.140037 -0.990146 6.12323e-17
4 1 1 5 -407040 814389 -3992.5 0.121003 -0.992652 6.12323e-17
4 1 1 6 -407627 814238 -3992.5 0.373797 -0.92751 6.12323e-17
4 1 1 7 -408156 813939 -3992.5 0.601118 -0.79916 6.12323e-17
4 1 1 8 -408589 813514 -3992.5 0.787473 -0.616349 6.12323e-17
4 1 1 9 -408897 812992 -3992.5 0.920164 -0.391534 6.12323e-17
4 1 1 10 -409060 812407 -3992.5 0.990146 -0.140037 6.12323e-17
4 1 1 11 -409066 811800 -3992.5 0.992652 0.121003 6.12323e-17
4 1 1 12 -408914 811213 -3992.5 0.92751 0.373797 6.12323e-17
4 1 1 13 -408616 810684 -3992.5 0.79916 0.601118 6.12323e-17
4 1 1 14 -408191 810251 -3992.5 0.616349 0.787473 6.12323e-17
4 1 1 15 -407669 809943 -3992.5 0.391534 0.920164 6.12323e-17
4 1 1 16 -407084 809780 -3992.5 0.140037 0.990146 6.12323e-17
4 1 1 17 -406477 809774 -3992.5 -0.121003 0.992652 6.12323e-17
4 1 1 18 -405890 809926 -3992.5 -0.373797 0.92751 6.12323e-17
4 1 1 19 -405361 810224 -3992.5 -0.601118 0.79916 6.12323e-17
4 1 1 20 -404928 810649 -3992.5 -0.787473 0.616349 6.12323e-17
4 1 1 21 -404619 811171 -3992.5 -0.920164 0.391534 6.12323e-17
4 1 1 22 -404457 811756 -3992.5 -0.990146 0.140037 6.12323e-17
4 1 1 23 -404451 812363 -3992.5 -0.992652 -0.121003 6.12323e-17
4 1 1 24 -404602 812950 -3992.5 -0.92751 -0.373797 6.12323e-17
4 1 2 1 -404901 813479 -3492.5 -0.79916 -0.601118 6.12323e-17
4 1 2 2 -405326 813912 -3492.5 -0.616349 -0.787473 6.12323e-17
4 1 2 3 -405848 814220 -3492.5 -0.391534 -0.920164 6.12323e-17
4 1 2 4 -406433 814383 -3492.5 -0.140037 -0.990146 6.12323e-17
4 1 2 5 -407040 814389 -3492.5 0.121003 -0.992652 6.12323e-17
4 1 2 6 -407627 814238 -3492.5 0.373797 -0.92751 6.12323e-17
4 1 2 7 -408156 813939 -3492.5 0.601118 -0.79916 6.12323e-17
4 1 2 8 -408589 813514 -3492.5 0.787473 -0.616349 6.12323e-17
4 1 2 9 -408897 812992 -3492.5 0.920164 -0.391534 6.12323e-17
4 1 2 10 -409060 812407 -3492.5 0.990146 -0.140037 6.12323e-17
4 1 2 11 -409066 811800 -3492.5 0.992652 0.121003 6.12323e-17
4 1 2 12 -408914 811213 -3492.5 0.92751 0.373797 6.12323e-17
4 1 2 13 -408616 810684 -3492.5 0.79916 0.601118 6.12323e-17
4 1 2 14 -408191 810251 -3492.5 0.616349 0.787473 6.12323e-17
4 1 2 15 -407669 809943 -3492.5 0.391534 0.920164 6.12323e-17
4 1 2 16 -407084 809780 -3492.5 0.140037 0.990146 6.12323e-17
4 1 2 17 -406477 809774 -3492.5 -0.121003 0.992652 6.12323e-17
4 1 2 18 -405890 809926 -3492.5 -0.373797 0.92751 6.12323e-17
4 1 2 19 -405361 810224 -3492.5 -0.601118 0.79916 6.12323e-17
4 1 2 20 -404928 810649 -3492.5 -0.787473 0.616349 6.12323e-17
4 1 2 21 -404619 811171 -3492.5 -0.920164 0.391534 6.12323e-17
4 1 2 22 -404457 811756 -3492.5 -0.990146 0.140037 6.12323e-17
4 1 2 23 -404451 812363 -3492.5 -0.992652 -0.121003 6.12323e-17
4 1 2 24 -404602 812950 -3492.5 -0.92751 -0.373797 6.12323e-17
4 1 3 1 -404901 813479 -2992.5 -0.79916 -0.601118 6.12323e-17
4 1 3 2 -405326 813912 -2992.5 -0.616349 -0.787473 6.12323e-17
4 1 3 3 -405848 814220 -2992.5 -0.391534 -0.920164 6.12323e-17
4 1 3 4 -406433 814383 -2992.5 -0.140037 -0.990146 6.12323e-17
4 1 3 5 -407040 814389 -2992.5 0.121003 -0.992652 6.12323e-17
4 1 3 6 -407627 814238 -2992.5 0.373797 -0.92751 6.12323e-17
4 1 3 7 -408156 813939 -2992.5 0.601118 -0.79916 6.12323e-17
4 1 3 8 -408589 813514 -2992.5 0.787473 -0.616349 6.12323e-17
4 1 3 9 -408897 812992 -2992.5 0.920164 -0.391534 6.12323e-17
4 1 3 10 -409060 812407 -2992.5 0.990146 -0.140037 6.12323e-17
4 1 3 11 -409066 811800 -2992.5 0.992652 0.121003 6.12323e-17
4 1 3 12 -408914 811213 -2992.5 0.92751 0.373797 6.12323e-17
4 1 3 13 -408616 810684 -2992.5 0.79916 0.601118 6.12323e-17
4 1 3 14 -408191 810251 -2992.5 0.616349 0.787473 6.12323e-17
4 1 3 15 -407669 809943 -2992.5 0.391534 0.920164 6.12323e-17
4 1 3 16 -407084 809780 -2992.5 0.140037 0.990146 6.12323e-17
4 1 3 17 -406477 809774 -2992.5 -0.121003 0.992652 6.12323e-17
4 1 3 18 -405890 809926 -2992.5 -0.373797 0.92751 6.12323e-17
4 1 3 19 -405361 810224 -2992.5 -0.601118 0.79916 6.12323e-17
4 1 3 20 -404928 810649 -2992.5 -0.787473 0.616349 6.12323e-17
4 1 3 21 -404619 811171 -2992.5 -0.920164 0.391534 6.12323e-17
4 1 3 22 -404457 811756 -2992.5 -0.990146 0.140037 6.12323e-17
4 1 3 23 -404451 812363 -2992.5 -0.992652 -0.121003 6.12323e-17
4 1 3 24 -404602 812950 -2992.5 -0.92751 -0.373797 6.12323e-17
4 1 4 1 -404901 813479 -2492.5 -0.79916 -0.601118 6.12323e-17
4 1 4 2 -405326 813912 -2492.5 -0.616349 -0.787473 6.12323e-17
4 1 4 3 -405848 814220 -2492.5 -0.391534 -0.920164 6.12323e-17
4 1 4 4 -406433 814383 -2492.5 -0.140037 -0.990146 6.12323e-17
4 1 4 5 -407040 814389 -2492.5 0.121003 -0.992652 6.12323e-17
4 1 4 6 -407627 814238 -2492.5 0.373797 -0.92751 6.12323e-17
4 1 4 7 -408156 813939 -2492.5 0.601118 -0.79916 6.12323e-17
4 1 4 8 -408589 813514 -2492.5 0.787473 -0.616349 6.12323e-17
4 1 4 9 -408897 812992 -2492.5 0.920164 -0.391534 6.12323e-17
4 1 4 10 -409060 812407 -2492.5 0.990146 -0.140037 6.12323e-17
4 1 4 11 -409066 811800 -2492.5 0.992652 0.121003 6.12323e-17
4 1 4 12 -408914 811213 -2492.5 0.92751 0.373797 6.12323e-17
4 1 4 13 -408616 810684 -2492.5 0.79916 0.601118 6.12323e-17
4 1 4 14 -408191 810251 -2492.5 0.616349 0.787473 6.12323e-17
4 1 4 15 -407669 809943 -2492.5 0.391534 0.920164 6.12323e-17
4 1 4 16 -407084 809780 -2492.5 0.140037 0.990146 6.12323e-17
4 1 4 17 -406477 809774 -2492.5 -0.121003 0.992652 6.12323e-17
4 1 4 18 -405890 809926 -2492.5 -0.373797 0.92751 6.12323e-17
4 1 4 19 -405361 810224 -2492.5 -0.601118 0.79916 6.12323e-17
4 1 4 20 -404928 810649 -2492.5 -0.787473 0.616349 6.12323e-17
4 1 4 21 -404619 811171 -2492.5 -0.920164 0.391534 6.12323e-17
4 1 4 22 -404457 811756 -2492.5 -0.990146 0.140037 6.12323e-17
4 1 4 23 -404451 812363 -2492.5 -0.992652 -0.121003 6.12323e-17
4 1 4 24 -404602 812950 -2492.5 -0.92751 -0.373797 6.12323e-17
4 1 5 1 -404901 813479 -1992.5 -0.79916 -0.601118 6.12323e-17
4 1 5 2 -405326 813912 -1992.5 -0.616349 -0.787473 6.12323e-17
4 1 5 3 -405848 814220 -1992.5 -0.391534 -0.920164 6.12323e-17
4 1 5 4 -406433 814383 -1992.5 -0.140037 -0.990146 6.12323e-17
4 1 5 5 -407040 814389 -1992.5 0.121003 -0.992652 6.12323e-17
4 1 5 6 -407627 814238 -1992.5 0.373797 -0.92751 6.12323e-17
4 1 5 7 -408156 813939 -1992.5 0.601118 -0.79916 6.12323e-17
4 1 5 8 -408589 813514 -1992.5 0.787473 -0.616349 6.12323e-17
4 1 5 9 -408897 812992 -1992.5 0.920164 -0.391534 6.12323e-17
4 1 5 10 -409060 812407 -1992.5 0.990146 -0.140037 6.12323e-17
4 1 5 11 -409066 811800 -1992.5 0.992652 0.121003 6.12323e-17
4 1 5 12 -408914 811213 -1992.5 0.92751 0.373797 6.12323e-17
4 1 5 13 -408616 810684 -1992.5 0.79916 0.601118 6.12323e-17
4 1 5 14 -408191 810251 -1992.5 0.616349 0.787473 6.12323e-17
4 1 5 15 -407669 809943 -1992.5 0.391534 0.920164 6.12323e-17
4 1 5 16 -407084 809780 -1992.5 0.140037 0.990146 6.12323e-17
4 1 5 17 -406477 809774 -1992.5 -0.121003 0.992652 6.12323e-17
4 1 5 18 -405890 809926 -1992.5 -0.373797 0.92751 6.12323e-17
4 1 5 19 -405361 810224 -1992.5 -0.601118 0.79916 6.12323e-17
4 1 5 20 -404928 810649 -1992.5 -0.787473 0.616349 6.12323e-17
4 1 5 21 -404619 811171 -1992.5 -0.920164 0.391534 6.12323e-17
4 1 5 22 -404457 811756 -1992.5 -0.990146 0.140037 6.12323e-17
4 1 5 23 -404451 812363 -1992.5 -0.992652 -0.121003 6.12323e-17
4 1 5 24 -404602 812950 -1992.5 -0.92751 -0.373797 6.12323e-17
4 1 6 1 -404901 813479 -1492.5 -0.79916 -0.601118 6.12323e-17
4 1 6 2 -405326 813912 -1492.5 -0.616349 -0.787473 6.12323e-17
4 1 6 3 -405848 814220 -1492.5 -0.391534 -0.920164 6.12323e-17
4 1 6 4 -406433 814383 -1492.5 -0.140037 -0.990146 6.12323e-17
4 1 6 5 -407040 814389 -1492.5 0.121003 -0.992652 6.12323e-17
4 1 6 6 -407627 814238 -1492.5 0.373797 -0.92751 6.12323e-17
4 1 6 7 -408156 813939 -1492.5 0.601118 -0.79916 6.12323e-17
4 1 6 8 -408589 813514 -1492.5 0.787473 -0.616349 6.12323e-17
4 1 6 9 -408897 812992 -1492.5 0.920164 -0.391534 6.12323e-17
4 1 6 10 -409060 812407 -1492.5 0.990146 -0.140037 6.12323e-17
4 1 6 11 -409066 811800 -1492.5 0.992652 0.121003 6.12323e-17
4 1 6 12 -408914 811213 -1492.5 0.92751 0.373797 6.12323e-17
4 1 6 13 -408616 810684 -1492.5 0.79916 0.601118 6.12323e-17
4 1 6 14 -408191 810251 -1492.5 0.616349 0.787473 6.12323e-17
4 1 6 15 -407669 809943 -1492.5 0.391534 0.920164 6.12323e-17
4 1 6 16 -407084 809780 -1492.5 0.140037 0.990146 6.12323e-17
4 1 6 17 -406477 809774 -1492.5 -0.121003 0.992652 6.12323e-17
4 1 6 18 -405890 809926 -1492.5 -0.373797 0.92751 6.12323e-17
4 1 6 19 -405361 810224 -1492.5 -0.601118 0.79916 6.12323e-17
4 1 6 20 -404928 810649 -1492.5 -0.787473 0.616349 6.12323e-17
4 1 6 21 -404619 811171 -1492.5 -0.920164 0.391534 6.12323e-17
4 1 6 22 -404457 811756 -1492.5 -0.990146 0.140037 6.12323e-17
4 1 6 23 -404451 812363 -1492.5 -0.992652 -0.121003 6.12323e-17
4 1 6 24 -404602 812950 -1492.5 -0.92751 -0.373797 6.12323e-17
4 1 7 1 -404901 813479 -992.5 -0.79916 -0.601118 6.12323e-17
4 1 7 2 -405326 813912 -992.5 -0.616349 -0.787473 6.12323e-17
4 1 7 3 -405848 814220 -992.5 -0.391534 -0.920164 6.12323e-17
4 1 7 4 -406433 814383 -992.5 -0.140037 -0.990146 6.12323e-17
4 1 7 5 -407040 814389 -992.5 0.121003 -0.992652 6.12323e-17
4 1 7 6 -407627 814238 -992.5 0.373797 -0.92751 6.12323e-17
4 1 7 7 -408156 813939 -992.5 0.601118 -0.79916 6.12323e-17
4 1 7 8 -408589 813514 -992.5 0.787473 -0.616349 6.12323e-17
4 1 7 9 -408897 812992 -992.5 0.920164 -0.391534 6.12323e-17
4 1 7 10 -409060 812407 -992.5 0.990146 -0.140037 6.12323e-17
4 1 7 11 -409066 811800 -992.5 0.992652 0.121003 6.12323e-17
4 1 7 12 -408914 811213 -992.5 0.92751 0.373797 6.12323e-17
4 1 7 13 -408616 810684 -992.5 0.79916 0.601118 6.12323e-17
4 1 7 14 -408191 810251 -992.5 0.616349 0.787473 6.12323e-17
4 1 7 15 -407669 809943 -992.5 0.391534 0.920164 6.12323e-17
4 1 7 16 -407084 809780 -992.5 0.140037 0.990146 6.12323e-17
4 1 7 17 -406477 809774 -992.5 -0.121003 0.992652 6.12323e-17
4 1 7 18 -405890 809926 -992.5 -0.373797 0.92751 6.12323e-17
4 1 7 19 -405361 810224 -992.5 -0.601118 0.79916 6.12323e-17
4 1 7 20 -404928 810649 -992.5 -0.787473 0.616349 6.12323e-17
4 1 7 21 -404619 811171 -992.5 -0.920164 0.391534 6.12323e-17
4 1 7 22 -404457 811756 -992.5 -0.990146 0.140037 6.12323e-17
4 1 7 23 -404451 812363 -992.5 -0.992652 -0.121003 6.12323e-17
4 1 7 24 -404602 812950 -992.5 -0.92751 -0.373797 6.12323e-17
4 1 8 1 -404901 813479 -492.5 -0.79916 -0.601118 6.12323e-17
4 1 8 2 -405326 813912 -492.5 -0.616349 -0.787473 6.12323e-17
4 1 8 3 -405848 814220 -492.5 -0.391534 -0.920164 6.12323e-17
4 1 8 4 -406433 814383 -492.5 -0.140037 -0.990146 6.12323e-17
4 1 8 5 -407040 814389 -492.5 0.121003 -0.992652 6.12323e-17
4 1 8 6 -407627 814238 -492.5 0.373797 -0.92751 6.12323e-17
4 1 8 7 -408156 813939 -492.5 0.601118 -0.79916 6.12323e-17
4 1 8 8 -408589 813514 -492.5 0.787473 -0.616349 6.12323e-17
4 1 8 9 -408897 812992 -492.5 0.920164 -0.391534 6.12323e-17
4 1 8 10 -409060 812407 -492.5 0.990146 -0.140037 6.12323e-17
4 1 8 11 -409066 811800 -492.5 0.992652 0.121003 6.12323e-17
4 1 8 12 -408914 811213 -492.5 0.92751 0.373797 6.12323e-17
4 1 8 13 -408616 810684 -492.5 0.79916 0.601118 6.12323e-17
4 1 8 14 -408191 810251 -492.5 0.616349 0.787473 6.12323e-17
4 1 8 15 -407669 809943 -492.5 0.391534 0.920164 6.12323e-17
4 1 8 16 -407084 809780 -492.5 0.140037 0.990146 6.12323e-17
4 1 8 17 -406477 809774 -492.5 -0.121003 0.992652 6.12323e-17
4 1 8 18 -405890 809926 -492.5 -0.373797 0.92751 6.12323e-17
4 1 8 19 -405361 810224 -492.5 -0.601118 0.79916 6.12323e-17
4 1 8 20 -404928 810649 -492.5 -0.787473 0.616349 6.12323e-17
4 1 8 21 -404619 811171 -492.5 -0.920164 0.391534 6.12323e-17
4 1 8 22 -404457 811756 -492.5 -0.990146 0.140037 6.12323e-17
4 1 8 23 -404451 812363 -492.5 -0.992652 -0.121003 6.12323e-17
4 1 8 24 -404602 812950 -492.5 -0.92751 -0.373797 6.12323e-17
4 2 0 1 -411467 809030 -59 9.64377e-17 -7.5481e-17 -1
4 2 0 2 -411467 809030 -4426 0 0 1
4 2 0 3 -410209 808363 -59 9.64377e-17 -7.5481e-17 -1
4 2 0 4 -410209 808363 -4426 0 0 1
4 2 0 5 -411990 807121 -59 -1.3173e-17 -1.21754e-16 -1
4 2 0 6 -411990 807121 -4426 0 0 1
4 2 1 1 -409901 810656 -3992.5 -0.79916 -0.601118 6.12323e-17
4 2 1 2 -410326 811089 -3992.5 -0.616349 -0.787473 6.12323e-17
4 2 1 3 -410848 811397 -3992.5 -0.391534 -0.920164 6.12323e-17
4 2 1 4 -411433 811560 -3992.5 -0.140037 -0.990146 6.12323e-17
4 2 1 5 -412040 811566 -3992.5 0.121003 -0.992652 6.12323e-17
4 2 1 6 -412627 811414 -3992.5 0.373797 -0.92751 6.12323e-17
4 2 1 7 -413156 811116 -3992.5 0.601118 -0.79916 6.12323e-17
4 2 1 8 -413589 810691 -3992.5 0.787473 -0.616349 6.12323e-17
4 2 1 9 -413897 810169 -3992.5 0.920164 -0.391534 6.12323e-17
4 2 1 10 -414060 809584 -3992.5 0.990146 -0.140037 6.12323e-17
4 2 1 11 -414066 808977 -3992.5 0.992652 0.121003 6.12323e-17
4 2 1 12 -413914 808390 -3992.5 0.92751 0.373797 6.12323e-17
4 2 1 13 -413616 807861 -3992.5 0.79916 0.601118 6.12323e-17
4 2 1 14 -413191 807428 -3992.5 0.616349 0.787473 6.12323e-17
4 2 1 15 -412669 807119 -3992.5 0.391534 0.920164 6.12323e-17
4 2 1 16 -412084 806957 -3992.5 0.140037 0.990146 6.12323e-17
4 2 1 17 -411477 806951 -3992.5 -0.121003 0.992652 6.12323e-17
4 2 1 18 -410890 807102 -3992.5 -0.373797 0.92751 6.12323e-17
4 2 1 19 -410361 807401 -3992.5 -0.601118 0.79916 6.12323e-17
4 2 1 20 -409928 807826 -3992.5 -0.787473 0.616349 6.12323e-17
4 2 1 21 -409620 808348 -3992.5 -0.920164 0.391534 6.12323e-17
4 2 1 22 -409457 808933 -3992.5 -0.990146 0.140037 6.12323e-17
4 2 1 23 -409451 809540 -3992.5 -0.992652 -0.121003 6.12323e-17
4 2 1 24 -409602 810127 -3992.5 -0.92751 -0.373797 6.12323e-17
4 2 2 1 -409901 810656 -3492.5 -0.79916 -0.601118 6.12323e-17
4 2 2 2 -410326 811089 -3492.5 -0.616349 -0.787473 6.12323e-17
4 2 2 3 -410848 811397 -3492.5 -0.391534 -0.920164 6.12323e-17
4 2 2 4 -411433 811560 -3492.5 -0.140037 -0.990146 6.12323e-17
4 2 2 5 -412040 811566 -3492.5 0.121003 -0.992652 6.12323e-17
4 2 2 6 -412627 811414 -3492.5 0.373797 -0.92751 6.12323e-17
4 2 2 7 -413156 811116 -3492.5 0.601118 -0.79916 6.12323e-17
4 2 2 8 -413589 810691 -3492.5 0.787473 -0.616349 6.12323e-17
4 2 2 9 -413897 810169 -3492.5 0.920164 -0.391534 6.12323e-17
4 2 2 10 -414060 809584 -3492.5 0.990146 -0.140037 6.12323e-17
4 2 2 11 -414066 808977 -3492.5 0.992652 0.121003 6.12323e-17
4 2 2 12 -413914 808390 -3492.5 0.92751 0.373797 6.12323e-17
4 2 2 13 -413616 807861 -3492.5 0.79916 0.601118 6.12323e-17
4 2 2 14 -413191 807428 -3492.5 0.616349 0.787473 6.12323e-17
4 2 2 15 -412669 807119 -3492.5 0.391534 0.920164 6.12323e-17
4 2 2 16 -412084 806957 -3492.5 0.140037 0.990146 6.12323e-17
4 2 2 17 -411477 806951 -3492.5 -0.121003 0.992652 6.12323e-17
4 2 2 18 -410890 807102 -3492.5 -0.373797 0.92751 6.12323e-17
4 2 2 19 -410361 807401 -3492.5 -0.601118 0.79916 6.12323e-17
4 2 2 20 -409928 807826 -3492.5 -0.787473 0.616349 6.12323e-17
4 2 2 21 -409620 808348 -3492.5 -0.920164 0.391534 6.12323e-17
4 2 2 22 -409457 808933 -3492.5 -0.990146 0.140037 6.12323e-17
4 2 2 23 -409451 809540 -3492.5 -0.992652 -0.121003 6.12323e-17
4 2 2 24 -409602 810127 -3492.5 -0.92751 -0.373797 6.12323e-17
4 2 3 1 -409901 810656 -2992.5 -0.79916 -0.601118 6.12323e-17
4 2 3 2 -410326 811089 -2992.5 -0.616349 -0.787473 6.12323e-17
4 2 3 3 -410848 811397 -2992.5 -0.391534 -0.920164 6.12323e-17
4 2 3 4 -411433 811560 -2992.5 -0.140037 -0.990146 6.12323e-17
4 2 3 5 -412040 811566 -2992.5 0.121003 -0.992652 6.12323e-17
4 2 3 6 -412627 811414 -2992.5 0.373797 -0.92751 6.12323e-17
4 2 3 7 -413156 811116 -2992.5 0.601118 -0.79916 6.12323e-17
4 2 3 8 -413589 810691 -2992.5 0.787473 -0.616349 6.12323e-17
4 2 3 9 -413897 810169 -2992.5 0.920164 -0.391534 6.12323e-17
4 2 3 10 -414060 809584 -2992.5 0.990146 -0.140037 6.12323e-17
4 2 3 11 -414066 808977 -2992.5 0.992652 0.121003 6.12323e-17
4 2 3 12 -413914 808390 -2992.5 0.92751 0.373797 6.12323e-17
4 2 3 13 -413616 807861 -2992.5 0.79916 0.601118 6.12323e-17
4 2 3 14 -413191 807428 -2992.5 0.616349 0.787473 6.12323e-17
4 2 3 15 -412669 807119 -2992.5 0.391534 0.920164 6.12323e-17
4 2 3 16 -412084 806957 -2992.5 0.140037 0.990146 6.12323e-17
4 2 3 17 -411477 806951 -2992.5 -0.121003 0.992652 6.12323e-17
4 2 3 18 -410890 807102 -2992.5 -0.373797 0.92751 6.12323e-17
4 2 3 19 -410361 807401 -2992.5 -0.601118 0.79916 6.12323e-17
4 2 3 20 -409928 807826 -2992.5 -0.787473 0.616349 6.12323e-17
4 2 3 21 -409620 808348 -2992.5 -0.920164 0.391534 6.12323e-17
4 2 3 22 -409457 808933 -2992.5 -0.990146 0.140037 6.12323e-17
4 2 3 23 -409451 809540 -2992.5 -0.992652 -0.121003 6.12323e-17
4 2 3 24 -409602 810127 -2992.5 -0.92751 -0.373797 6.12323e-17
4 2 4 1 -409901 810656 -2492.5 -0.79916 -0.601118 6.12323e-17
4 2 4 2 -410326 811089 -2492.5 -0.616349 -0.787473 6.12323e-17
4 2 4 3 -410848 811397 -2492.5 -0.391534 -0.920164 6.12323e-17
4 2 4 4 -411433 811560 -2492.5 -0.140037 -0.990146 6.12323e-17
4 2 4 5 -412040 811566 -2492.5 0.121003 -0.992652 6.12323e-17
4 2 4 6 -412627 811414 -2492.5 0.373797 -0.92751 6.12323e-17
4 2 4 7 -413156 811116 -2492.5 0.601118 -0.79916 6.12323e-17
4 2 4 8 -413589 810691 -2492.5 0.787473 -0.616349 6.12323e-17
4 2 4 9 -413897 810169 -2492.5 0.920164 -0.391534 6.12323e-17
4 2 4 10 -414060 809584 -2492.5 0.990146 -0.140037 6.12323e-17
4 2 4 11 -414066 808977 -2492.5 0.992652 0.121003 6.12323e-17
4 2 4 12 -413914 808390 -2492.5 0.92751 0.373797 6.12323e-17
4 2 4 13 -413616 807861 -2492.5 0.79916 0.601118 6.12323e-17
4 2 4 14 -413191 807428 -2492.5 0.616349 0.787473 6.12323e-17
4 2 4 15 -412669 807119 -2492.5 0.391534 0.920164 6.12323e-17
4 2 4 16 -412084 806957 -2492.5 0.140037 0.990146 6.12323e-17
4 2 4 17 -411477 806951 -2492.5 -0.121003 0.992652 6.12323e-17
4 2 4 18 -410890 807102 -2492.5 -0.373797 0.92751 6.12323e-17
4 2 4 19 -410361 807401 -2492.5 -0.601118 0.79916 6.12323e-17
4 2 4 20 -409928 807826 -2492.5 -0.787473 0.616349 6.12323e-17
4 2 4 21 -409620 808348 -2492.5 -0.920164 0.391534 6.12323e-17
4 2 4 22 -409457 808933 -2492.5 -0.990146 0.140037 6.12323e-17
4 2 4 23 -409451 809540 -2492.5 -0.992652 -0.121003 6.12323e-17
4 2 4 24 -409602 810127 -2492.5 -0.92751 -0.373797 6.12323e-17
4 2 5 1 -409901 810656 -1992.5 -0.79916 -0.601118 6.12323e-17
4 2 5 2 -410326 811089 -1992.5 -0.616349 -0.787473 6.12323e-17
4 2 5 3 -410848 811397 -1992.5 -0.391534 -0.920164 6.12323e-17
4 2 5 4 -411433 811560 -1992.5 -0.140037 -0.990146 6.12323e-17
4 2 5 5 -412040 811566 -1992.5 0.121003 -0.992652 6.12323e-17
4 2 5 6 -412627 811414 -1992.5 0.373797 -0.92751 6.12323e-17
4 2 5 7 -413156 811116 -1992.5 0.601118 -0.79916 6.12323e-17
4 2 5 8 -413589 810691 -1992.5 0.787473 -0.616349 6.12323e-17
4 2 5 9 -413897 810169 -1992.5 0.920164 -0.391534 6.12323e-17
4 2 5 10 -414060 809584 -1992.5 0.990146 -0.140037 6.12323e-17
4 2 5 11 -414066 808977 -1992.5 0.992652 0.121003 6.12323e-17
4 2 5 12 -413914 808390 -1992.5 0.92751 0.373797 6.12323e-17
4 2 5 13 -413616 807861 -1992.5 0.79916 0.601118 6.12323e-17
4 2 5 14 -413191 807428 -1992.5 0.616349 0.787473 6.12323e-17
4 2 5 15 -412669 807119 -1992.5 0.391534 0.920164 6.12323e-17
4 2 5 16 -412084 806957 -1992.5 0.140037 0.990146 6.12323e-17
4 2 5 17 -411477 806951 -1992.5 -0.121003 0.992652 6.12323e-17
4 2 5 18 -410890 807102 -1992.5 -0.373797 0.92751 6.12323e-17
4 2 5 19 -410361 807401 -1992.5 -0.601118 0.79916 6.12323e-17
4 2 5 20 -409928 807826 -1992.5 -0.787473 0.616349 6.12323e-17
4 2 5 21 -409620 808348 -1992.5 -0.920164 0.391534 6.12323e-17
4 2 5 22 -409457 808933 -1992.5 -0.990146 0.140037 6.12323e-17
4 2 5 23 -409451 809540 -1992.5 -0.992652 -0.121003 6.12323e-17
4 2 5 24 -409602 810127 -1992.5 -0.92751 -0.373797 6.12323e-17
4 2 6 1 -409901 810656 -1492.5 -0.79916 -0.601118 6.12323e-17
4 2 6 2 -410326 811089 -1492.5 -0.616349 -0.787473 6.12323e-17
4 2 6 3 -410848 811397 -1492.5 -0.391534 -0.920164 6.12323e-17
4 2 6 4 -411433 811560 -1492.5 -0.140037 -0.990146 6.12323e-17
4 2 6 5 -412040 811566 -1492.5 0.121003 -0.992652 6.12323e-17
4 2 6 6 -412627 811414 -1492.5 0.373797 -0.92751 6.12323e-17
4 2 6 7 -413156 811116 -1492.5 0.601118 -0.79916 6.12323e-17
4 2 6 8 -413589 810691 -1492.5 0.787473 -0.616349 6.12323e-17
4 2 6 9 -413897 810169 -1492.5 0.920164 -0.391534 6.12323e-17
4 2 6 10 -414060 809584 -1492.5 0.990146 -0.140037 6.12323e-17
4 2 6 11 -414066 808977 -1492.5 0.992652 0.121003 6.12323e-17
4 2 6 12 -413914 808390 -1492.5 0.92751 0.373797 6.12323e-17
4 2 6 13 -413616 807861 -1492.5 0.79916 0.601118 6.12323e-17
4 2 6 14 -413191 807428 -1492.5 0.616349 0.787473 6.12323e-17
4 2 6 15 -412669 807119 -1492.5 0.391534 0.920164 6.12323e-17
4 2 6 16 -412084 806957 -1492.5 0.140037 0.990146 6.12323e-17
4 2 6 17 -411477 806951 -1492.5 -0.121003 0.992652 6.12323e-17
4 2 6 18 -410890 807102 -1492.5 -0.373797 0.92751 6.12323e-17
4 2 6 19 -410361 807401 -1492.5 -0.601118 0.79916 6.12323e-17
4 2 6 20 -409928 807826 -1492.5 -0.787473 0.616349 6.12323e-17
4 2 6 21 -409620 808348 -1492.5 -0.920164 0.391534 6.12323e-17
4 2 6 22 -409457 808933 -1492.5 -0.990146 0.140037 6.12323e-17
4 2 6 23 -409451 809540 -1492.5 -0.992652 -0.121003 6.12323e-17
4 2 6 24 -409602 810127 -1492.5 -0.92751 -0.373797 6.12323e-17
4 2 7 1 -409901 810656 -992.5 -0.79916 -0.601118 6.12323e-17
4 2 7 2 -410326 811089 -992.5 -0.616349 -0.787473 6.12323e-17
4 2 7 3 -410848 811397 -992.5 -0.391534 -0.920164 6.12323e-17
4 2 7 4 -411433 811560 -992.5 -0.140037 -0.990146 6.12323e-17
4 2 7 5 -412040 811566 -992.5 0.121003 -0.992652 6.12323e-17
4 2 7 6 -412627 811414 -992.5 0.373797 -0.92751 6.12323e-17
4 2 7 7 -413156 811116 -992.5 0.601118 -0.79916 6.12323e-17
4 2 7 8 -413589 810691 -992.5 0.787473 -0.616349 6.12323e-17
4 2 7 9 -413897 810169 -992.5 0.920164 -0.391534 6.12323e-17
4 2 7 10 -414060 809584 -992.5 0.990146 -0.140037 6.12323e-17
4 2 7 11 -414066 808977 -992.5 0.992652 0.121003 6.12323e-17
4 2 7 12 -413914 808390 -992.5 0.92751 0.373797 6.12323e-17
4 2 7 13 -413616 807861 -992.5 0.79916 0.601118 6.12323e-17
4 2 7 14 -413191 807428 -992.5 0.616349 0.787473 6.12323e-17
4 2 7 15 -412669 807119 -992.5 0.391534 0.920164 6.12323e-17
4 2 7 16 -412084 806957 -992.5 0.140037 0.990146 6.12323e-17
4 2 7 17 -411477 806951 -992.5 -0.121003 0.992652 6.12323e-17
4 2 7 18 -410890 807102 -992.5 -0.373797 0.92751 6.12323e-17
4 2 7 19 -410361 807401 -992.5 -0.601118 0.79916 6.12323e-17
4 2 7 20 -409928 807826 -992.5 -0.787473 0.616349 6.12323e-17
4 2 7 21 -409620 808348 -992.5 -0.920164 0.391534 6.12323e-17
4 2 7 22 -409457 808933 -992.5 -0.990146 0.140037 6.12323e-17
4 2 7 23 -409451 809540 -992.5 -0.992652 -0.121003 6.12323e-17
4 2 7 24 -409602 810127 -992.5 -0.92751 -0.373797 6.12323e-17
4 2 8 1 -409901 810656 -492.5 -0.79916 -0.601118 6.12323e-17
4 2 8 2 -410326 811089 -492.5 -0.616349 -0.787473 6.12323e-17
4 2 8 3 -410848 811397 -492.5 -0.391534 -0.920164 6.12323e-17
4 2 8 4 -411433 811560 -492.5 -0.140037 -0.990146 6.12323e-17
4 2 8 5 -412040 811566 -492.5 0.121003 -0.992652 6.12323e-17
4 2 8 6 -412627 811414 -492.5 0.373797 -0.92751 6.12323e-17
4 2 8 7 -413156 811116 -492.5 0.601118 -0.79916 6.12323e-17
4 2 8 8 -413589 810691 -492.5 0.787473 -0.616349 6.12323e-17
4 2 8 9 -413897 810169 -492.5 0.920164 -0.391534 6.12323e-17
4 2 8 10 -414060 809584 -492.5 0.990146 -0.140037 6.12323e-17
4 2 8 11 -414066 808977 -492.5 0.992652 0.121003 6.12323e-17
4 2 8 12 -413914 808390 -492.5 0.92751 0.373797 6.12323e-17
4 2 8 13 -413616 807861 -492.5 0.79916 0.601118 6.12323e-17
4 2 8 14 -413191 807428 -492.5 0.616349 0.787473 6.12323e-17
4 2 8 15 -412669 807119 -492.5 0.391534 0.920164 6.12323e-17
4 2 8 16 -412084 806957 -492.5 0.140037 0.990146 6.12323e-17
4 2 8 17 -411477 806951 -492.5 -0.121003 0.992652 6.12323e-17
4 2 8 18 -410890 807102 -492.5 -0.373797 0.92751 6.12323e-17
4 2 8 19 -410361 807401 -492.5 -0.601118 0.79916 6.12323e-17
4 2 8 20 -409928 807826 -492.5 -0.787473 0.616349 6.12323e-17
4 2 8 21 -409620 808348 -492.5 -0.920164 0.391534 6.12323e-17
4 2 8 22 -409457 808933 -492.5 -0.990146 0.140037 6.12323e-17
4 2 8 23 -409451 809540 -492.5 -0.992652 -0.121003 6.12323e-17
4 2 8 24 -409602 810127 -492.5 -0.92751 -0.373797 6.12323e-17
4 3 0 1 -409290 816853 -59 9.64377e-17 -7.5481e-17 -1
4 3 0 2 -409290 816853 -4426 0 0 1
4 3 0 3 -408032 816186 -59 9.64377e-17 -7.5481e-17 -1
4 3 0 4 -408032 816186 -4426 0 0 1
4 3 0 5 -409813 814944 -59 -1.3173e-17 -1.21754e-16 -1
4 3 0 6 -409813 814944 -4426 0 0 1
4 3 1 1 -407724 818479 -3992.5 -0.79916 -0.601118 6.12323e-17
4 3 1 2 -408149 818912 -3992.5 -0.616349 -0.787473 6.12323e-17
4 3 1 3 -408671 819221 -3992.5 -0.391534 -0.920164 6.12323e-17
4 3 1 4 -409256 819383 -3992.5 -0.140037 -0.990146 6.12323e-17
4 3 1 5 -409863 819389 -3992.5 0.121003 -0.992652 6.12323e-17
4 3 1 6 -410450 819238 -3992.5 0.373797 -0.92751 6.12323e-17
4 3 1 7 -410979 818939 -3992.5 0.601118 -0.79916 6.12323e-17
4 3 1 8 -411412 818514 -3992.5 0.787473 -0.616349 6.12323e-17
4 3 1 9 -411720 817992 -3992.5 0.920164 -0.391534 6.12323e-17
4 3 1 10 -411883 817407 -3992.5 0.990146 -0.140037 6.12323e-17
4 3 1 11 -411889 816800 -3992.5 0.992652 0.121003 6.12323e-17
4 3 1 12 -411738 816213 -3992.5 0.92751 0.373797 6.12323e-17
4 3 1 13 -411439 815684 -3992.5 0.79916 0.601118 6.12323e-17
4 3 1 14 -411014 815251 -3992.5 0.616349 0.787473 6.12323e-17
4 3 1 15 -410492 814943 -3992.5 0.391534 0.920164 6.12323e-17
4 3 1 16 -409907 814780 -3992.5 0.140037 0.990146 6.12323e-17
4 3 1 17 -409300 814774 -3992.5 -0.121003 0.992652 6.12323e-17
4 3 1 18 -408713 814926 -3992.5 -0.373797 0.92751 6.12323e-17
4 3 1 19 -408184 815224 -3992.5 -0.601118 0.79916 6.12323e-17
4 3 1 20 -407751 815649 -3992.5 -0.787473 0.616349 6.12323e-17
4 3 1 21 -407443 816171 -3992.5 -0.920164 0.391534 6.12323e-17
4 3 1 22 -407280 816756 -3992.5 -0.990146 0.140037 6.12323e-17
4 3 1 23 -407274 817363 -3992.5 -0.992652 -0.121003 6.12323e-17
4 3 1 24 -407426 817950 -3992.5 -0.92751 -0.373797 6.12323e-17
4 3 2 1 -407724 818479 -3492.5 -0.79916 -0.601118 6.12323e-17
4 3 2 2 -408149 818912 -3492.5 -0.616349 -0.787473 6.12323e-17
4 3 2 3 -408671 819221 -3492.5 -0.391534 -0.920164 6.12323e-17
4 3 2 4 -409256 819383 -3492.5 -0.140037 -0.990146 6.12323e-17
4 3 2 5 -409863 819389 -3492.5 0.121003 -0.992652 6.12323e-17
4 3 2 6 -410450 819238 -3492.5 0.373797 -0.92751 6.12323e-17
4 3 2 7 -410979 818939 -3492.5 0.601118 -0.79916 6.12323e-17
4 3 2 8 -411412 818514 -3492.5 0.787473 -0.616349 6.12323e-17
4 3 2 9 -411720 817992 -3492.5 0.920164 -0.391534 6.12323e-17
4 3 2 10 -411883 817407 -3492.5 0.990146 -0.140037 6.12323e-17
4 3 2 11 -411889 816800 -3492.5 0.992652 0.121003 6.12323e-17
4 3 2 12 -411738 816213 -3492.5 0.92751 0.373797 6.12323e-17
4 3 2 13 -411439 815684 -3492.5 0.79916 0.601118 6.12323e-17
4 3 2 14 -411014 815251 -3492.5 0.616349 0.787473 6.12323e-17
4 3 2 15 -410492 814943 -3492.5 0.391534 0.920164 6.12323e-17
4 3 2 16 -409907 814780 -3492.5 0.140037 0.990146 6.12323e-17
4 3 2 17 -409300 814774 -3492.5 -0.121003 0.992652 6.12323e-17
4 3 2 18 -408713 814926 -3492.5 -0.373797 0.92751 6.12323e-17
4 3 2 19 -408184 815224 -3492.5 -0.601118 0.79916 6.12323e-17
4 3 2 20 -407751 815649 -3492.5 -0.787473 0.616349 6.12323e-17
4 3 2 21 -407443 816171 -3492.5 -0.920164 0.391534 6.12323e-17
4 3 2 22 -407280 816756 -3492.5 -0.990146 0.140037 6.12323e-17
4 3 2 23 -407274 817363 -3492.5 -0.992652 -0.121003 6.12323e-17
4 3 2 24 -407426 817950 -3492.5 -0.92751 -0.373797 6.12323e-17
4 3 3 1 -407724 818479 -2992.5 -0.79916 -0.601118 6.12323e-17
4 3 3 2 -408149 818912 -2992.5 -0.616349 -0.787473 6.12323e-17
4 3 3 3 -408671 819221 -2992.5 -0.391534 -0.920164 6.12323e-17
4 3 3 4 -409256 819383 -2992.5 -0.140037 -0.990146 6.12323e-17
4 3 3 5 -409863 819389 -2992.5 0.121003 -0.992652 6.12323e-17
4 3 3 6 -410450 819238 -2992.5 0.373797 -0.92751 6.12323e-17
4 3 3 7 -410979 818939 -2992.5 0.601118 -0.79916 6.12323e-17
4 3 3 8 -411412 818514 -2992.5 0.787473 -0.616349 6.12323e-17
4 3 3 9 -411720 817992 -2992.5 0.920164 -0.391534 6.12323e-17
4 3 3 10 -411883 817407 -2992.5 0.990146 -0.140037 6.12323e-17
4 3 3 11 -411889 816800 -2992.5 0.992652 0.121003 6.12323e-17
4 3 3 12 -411738 816213 -2992.5 0.92751 0.373797 6.12323e-17
4 3 3 13 -411439 815684 -2992.5 0.79916 0.601118 6.12323e-17
4 3 3 14 -411014 815251 -2992.5 0.616349 0.787473 6.12323e-17
4 3 3 15 -410492 814943 -2992.5 0.391534 0.920164 6.12323e-17
4 3 3 16 -409907 814780 -2992.5 0.140037 0.990146 6.12323e-17
4 3 3 17 -409300 814774 -2992.5 -0.121003 0.992652 6.12323e-17
4 3 3 18 -408713 814926 -2992.5 -0.373797 0.92751 6.12323e-17
4 3 3 19 -408184 815224 -2992.5 -0.601118 0.79916 6.12323e-17
4 3 3 20 -407751 815649 -2992.5 -0.787473 0.616349 6.12323e-17
4 3 3 21 -407443 816171 -2992.5 -0.920164 0.391534 6.12323e-17
4 3 3 22 -407280 816756 -2992.5 -0.990146 0.140037 6.12323e-17
4 3 3 23 -407274 817363 -2992.5 -0.992652 -0.121003 6.12323e-17
4 3 3 24 -407426 817950 -2992.5 -0.92751 -0.373797 6.12323e-17
4 3 4 1 -407724 818479 -2492.5 -0.79916 -0.601118 6.12323e-17
4 3 4 2 -408149 818912 -2492.5 -0.616349 -0.787473 6.12323e-17
4 3 4 3 -408671 819221 -2492.5 -0.391534 -0.920164 6.12323e-17
4 3 4 4 -409256 819383 -2492.5 -0.140037 -0.990146 6.12323e-17
4 3 4 5 -409863 819389 -2492.5 0.121003 -0.992652 6.12323e-17
4 3 4 6 -410450 819238 -2492.5 0.373797 -0.92751 6.12323e-17
4 3 4 7 -410979 818939 -2492.5 0.601118 -0.79916 6.12323e-17
4 3 4 8 -411412 818514 -2492.5 0.787473 -0.616349 6.12323e-17
4 3 4 9 -411720 817992 -2492.5 0.920164 -0.391534 6.12323e-17
4 3 4 10 -411883 817407 -2492.5 0.990146 -0.140037 6.12323e-17
4 3 4 11 -411889 816800 -2492.5 0.992652 0.121003 6.12323e-17
4 3 4 12 -411738 816213 -2492.5 0.92751 0.373797 6.12323e-17
4 3 4 13 -411439 815684 -2492.5 0.79916 0.601118 6.12323e-17
4 3 4 14 -411014 815251 -2492.5 0.616349 0.787473 6.12323e-17
4 3 4 15 -410492 814943 -2492.5 0.391534 0.920164 6.12323e-17
4 3 4 16 -409907 814780 -2492.5 0.140037 0.990146 6.12323e-17
4 3 4 17 -409300 814774 -2492.5 -0.121003 0.992652 6.12323e-17
4 3 4 18 -408713 814926 -2492.5 -0.373797 0.92751 6.12323e-17
4 3 4 19 -408184 815224 -2492.5 -0.601118 0.79916 6.12323e-17
4 3 4 20 -407751 815649 -2492.5 -0.787473 0.616349 6.12323e-17
4 3 4 21 -407443 816171 -2492.5 -0.920164 0.391534 6.12323e-17
4 3 4 22 -407280 816756 -2492.5 -0.990146 0.140037 6.12323e-17
4 3 4 23 -407274 817363 -2492.5 -0.992652 -0.121003 6.12323e-17
4 3 4 24 -407426 817950 -2492.5 -0.92751 -0.373797 6.12323e-17
4 3 5 1 -407724 818479 -1992.5 -0.79916 -0.601118 6.12323e-17
4 3 5 2 -408149 818912 -1992.5 -0.616349 -0.787473 6.12323e-17
4 3 5 3 -408671 819221 -1992.5 -0.391534 -0.920164 6.12323e-17
4 3 5 4 -409256 819383 -1992.5 -0.140037 -0.990146 6.12323e-17
4 3 5 5 -409863 819389 -1992.5 0.121003 -0.992652 6.12323e-17
4 3 5 6 -410450 819238 -1992.5 0.373797 -0.92751 6.12323e-17
4 3 5 7 -410979 818939 -1992.5 0.601118 -0.79916 6.12323e-17
4 3 5 8 -411412 818514 -1992.5 0.787473 -0.616349 6.12323e-17
4 3 5 9 -411720 817992 -1992.5 0.920164 -0.391534 6.12323e-17
4 3 5 10 -411883 817407 -1992.5 0.990146 -0.140037 6.12323e-17
4 3 5 11 -411889 816800 -1992.5 0.992652 0.121003 6.12323e-17
4 3 5 12 -411738 816213 -1992.5 0.92751 0.373797 6.12323e-17
4 3 5 13 -411439 815684 -1992.5 0.79916 0.601118 6.12323e-17
4 3 5 14 -411014 815251 -1992.5 0.616349 0.787473 6.12323e-17
4 3 5 15 -410492 814943 -1992.5 0.391534 0.920164 6.12323e-17
4 3 5 16 -409907 814780 -1992.5 0.140037 0.990146 6.12323e-17
4 3 5 17 -409300 814774 -1992.5 -0.121003 0.992652 6.12323e-17
4 3 5 18 -408713 814926 -1992.5 -0.373797 0.92751 6.12323e-17
4 3 5 19 -408184 815224 -1992.5 -0.601118 0.79916 6.12323e-17
4 3 5 20 -407751 815649 -1992.5 -0.787473 0.616349 6.12323e-17
4 3 5 21 -407443 816171 -1992.5 -0.920164 0.391534 6.12323e-17
4 3 5 22 -407280 816756 -1992.5 -0.990146 0.140037 6.12323e-17
4 3 5 23 -407274 817363 -1992.5 -0.992652 -0.121003 6.12323e-17
4 3 5 24 -407426 817950 -1992.5 -0.92751 -0.373797 6.12323e-17
4 3 6 1 -407724 818479 -1492.5 -0.79916 -0.601118 6.12323e-17
4 3 6 2 -408149 818912 -1492.5 -0.616349 -0.787473 6.12323e-17
4 3 6 3 -408671 819221 -1492.5 -0.391534 -0.920164 6.12323e-17
4 3 6 4 -409256 819383 -1492.5 -0.140037 -0.990146 6.12323e-17
4 3 6 5 -409863 819389 -1492.5 0.121003 -0.992652 6.12323e-17
4 3 6 6 -410450 819238 -1492.5 0.373797 -0.92751 6.12323e-17
4 3 6 7 -410979 818939 -1492.5 0.601118 -0.79916 6.12323e-17
4 3 6 8 -411412 818514 -1492.5 0.787473 -0.616349 6.12323e-17
4 3 6 9 -411720 817992 -1492.5 0.920164 -0.391534 6.12323e-17
4 3 6 10 -411883 817407 -1492.5 0.990146 -0.140037 6.12323e-17
4 3 6 11 -411889 816800 -1492.5 0.992652 0.121003 6.12323e-17
4 3 6 12 -411738 816213 -1492.5 0.92751 0.373797 6.12323e-17
4 3 6 13 -411439 815684 -1492.5 0.79916 0.601118 6.12323e-17
4 3 6 14 -411014 815251 -1492.5 0.616349 0.787473 6.12323e-17
4 3 6 15 -410492 814943 -1492.5 0.391534 0.920164 6.12323e-17
4 3 6 16 -409907 814780 -1492.5 0.140037 0.990146 6.12323e-17
4 3 6 17 -409300 814774 -1492.5 -0.121003 0.992652 6.12323e-17
4 3 6 18 -408713 814926 -1492.5 -0.373797 0.92751 6.12323e-17
4 3 6 19 -408184 815224 -1492.5 -0.601118 0.79916 6.12323e-17
4 3 6 20 -407751 815649 -1492.5 -0.787473 0.616349 6.12323e-17
4 3 6 21 -407443 816171 -1492.5 -0.920164 0.391534 6.12323e-17
4 3 6 22 -407280 816756 -1492.5 -0.990146 0.140037 6.12323e-17
4 3 6 23 -407274 817363 -1492.5 -0.992652 -0.121003 6.12323e-17
4 3 6 24 -407426 817950 -1492.5 -0.92751 -0.373797 6.12323e-17
4 3 7 1 -407724 818479 -992.5 -0.79916 -0.601118 6.12323e-17
4 3 7 2 -408149 818912 -992.5 -0.616349 -0.787473 6.12323e-17
4 3 7 3 -408671 819221 -992.5 -0.391534 -0.920164 6.12323e-17
4 3 7 4 -409256 819383 -992.5 -0.140037 -0.990146 6.12323e-17
4 3 7 5 -409863 819389 -992.5 0.121003 -0.992652 6.12323e-17
4 3 7 6 -410450 819238 -992.5 0.373797 -0.92751 6.12323e-17
4 3 7 7 -410979 818939 -992.5 0.601118 -0.79916 6.12323e-17
4 3 7 8 -411412 818514 -992.5 0.787473 -0.616349 6.12323e-17
4 3 7 9 -411720 817992 -992.5 0.920164 -0.391534 6.12323e-17
4 3 7 10 -411883 817407 -992.5 0.990146 -0.140037 6.12323e-17
4 3 7 11 -411889 816800 -992.5 0.992652 0.121003 6.12323e-17
4 3 7 12 -411738 816213 -992.5 0.92751 0.373797 6.12323e-17
4 3 7 13 -411439 815684 -992.5 0.79916 0.601118 6.12323e-17
4 3 7 14 -411014 815251 -992.5 0.616349 0.787473 6.12323e-17
4 3 7 15 -410492 814943 -992.5 0.391534 0.920164 6.12323e-17
4 3 7 16 -409907 814780 -992.5 0.140037 0.990146 6.12323e-17
4 3 7 17 -409300 814774 -992.5 -0.121003 0.992652 6.12323e-17
4 3 7 18 -408713 814926 -992.5 -0.373797 0.92751 6.12323e-17
4 3 7 19 -408184 815224 -992.5 -0.601118 0.79916 6.12323e-17
4 3 7 20 -407751 815649 -992.5 -0.787473 0.616349 6.12323e-17
4 3 7 21 -407443 816171 -992.5 -0.920164 0.391534 6.12323e-17
4 3 7 22 -407280 816756 -992.5 -0.990146 0.140037 6.12323e-17
4 3 7 23 -407274 817363 -992.5 -0.992652 -0.121003 6.12323e-17
4 3 7 24 -407426 817950 -992.5 -0.92751 -0.373797 6.12323e-17
4 3 8 1 -407724 818479 -492.5 -0.79916 -0.601118 6.12323e-17
4 3 8 2 -408149 818912 -492.5 -0.616349 -0.787473 6.12323e-17
4 3 8 3 -408671 819221 -492.5 -0.391534 -0.920164 6.12323e-17
4 3 8 4 -409256 819383 -492.5 -0.140037 -0.990146 6.12323e-17
4 3 8 5 -409863 819389 -492.5 0.121003 -0.992652 6.12323e-17
4 3 8 6 -410450 819238 -492.5 0.373797 -0.92751 6.12323e-17
4 3 8 7 -410979 818939 -492.5 0.601118 -0.79916 6.12323e-17
4 3 8 8 -411412 818514 -492.5 0.787473 -0.616349 6.12323e-17
4 3 8 9 -411720 817992 -492.5 0.920164 -0.391534 6.12323e-17
4 3 8 10 -411883 817407 -492.5 0.990146 -0.140037 6.12323e-17
4 3 8 11 -411889 816800 -492.5 0.992652 0.121003 6.12323e-17
4 3 8 12 -411738 816213 -492.5 0.92751 0.373797 6.12323e-17
4 3 8 13 -411439 815684 -492.5 0.79916 0.601118 6.12323e-17
4 3 8 14 -411014 815251 -492.5 0.616349 0.787473 6.12323e-17
4 3 8 15 -410492 814943 -492.5 0.391534 0.920164 6.12323e-17
4 3 8 16 -409907 814780 -492.5 0.140037 0.990146 6.12323e-17
4 3 8 17 -409300 814774 -492.5 -0.121003 0.992652 6.12323e-17
4 3 8 18 -408713 814926 -492.5 -0.373797 0.92751 6.12323e-17
4 3 8 19 -408184 815224 -492.5 -0.601118 0.79916 6.12323e-17
4 3 8 20 -407751 815649 -492.5 -0.787473 0.616349 6.12323e-17
4 3 8 21 -407443 816171 -492.5 -0.920164 0.391534 6.12323e-17
4 3 8 22 -407280 816756 -492.5 -0.990146 0.140037 6.12323e-17
4 3 8 23 -407274 817363 -492.5 -0.992652 -0.121003 6.12323e-17
4 3 8 24 -407426 817950 -492.5 -0.92751 -0.373797 6.12323e-17
4 4 0 1 -414290 814030 -59 9.64377e-17 -7.5481e-17 -1
4 4 0 2 -414290 814030 -4426 0 0 1
4 4 0 3 -413032 813363 -59 9.64377e-17 -7.5481e-17 -1
4 4 0 4 -413032 813363 -4426 0 0 1
4 4 0 5 -414813 812121 -59 -1.3173e-17 -1.21754e-16 -1
4 4 0 6 -414813 812121 -4426 0 0 1
4 4 1 1 -412724 815656 -3992.5 -0.79916 -0.601118 6.12323e-17
4 4 1 2 -413149 816089 -3992.5 -0.616349 -0.787473 6.12323e-17
4 4 1 3 -413671 816397 -3992.5 -0.391534 -0.920164 6.12323e-17
4 4 1 4 -414256 816560 -3992.5 -0.140037 -0.990146 6.12323e-17
4 4 1 5 -414863 816566 -3992.5 0.121003 -0.992652 6.12323e-17
4 4 1 6 -415450 816414 -3992.5 0.373797 -0.92751 6.12323e-17
4 4 1 7 -415979 816116 -3992.5 0.601118 -0.79916 6.12323e-17
4 4 1 8 -416412 815691 -3992.5 0.787473 -0.616349 6.12323e-17
4 4 1 9 -416721 815169 -3992.5 0.920164 -0.391534 6.12323e-17
4 4 1 10 -416883 814584 -3992.5 0.990146 -0.140037 6.12323e-17
4 4 1 11 -416889 813977 -3992.5 0.992652 0.121003 6.12323e-17
4 4 1 12 -416738 813390 -3992.5 0.92751 0.373797 6.12323e-17
4 4 1 13 -416439 812861 -3992.5 0.79916 0.601118 6.12323e-17
4 4 1 14 -416014 812428 -3992.5 0.616349 0.787473 6.12323e-17
4 4 1 15 -415492 812120 -3992.5 0.391534 0.920164 6.12323e-17
4 4 1 16 -414907 811957 -3992.5 0.140037 0.990146 6.12323e-17
4 4 1 17 -414300 811951 -3992.5 -0.121003 0.992652 6.12323e-17
4 4 1 18 -413713 812102 -3992.5 -0.373797 0.92751 6.12323e-17
4 4 1 19 -413184 812401 -3992.5 -0.601118 0.79916 6.12323e-17
4 4 1 20 -412751 812826 -3992.5 -0.787473 0.616349 6.12323e-17
4 4 1 21 -412443 813348 -3992.5 -0.920164 0.391534 6.12323e-17
4 4 1 22 -412280 813933 -3992.5 -0.990146 0.140037 6.12323e-17
4 4 1 23 -412274 814540 -3992.5 -0.992652 -0.121003 6.12323e-17
4 4 1 24 -412426 815127 -3992.5 -0.92751 -0.373797 6.12323e-17
4 4 2 1 -412724 815656 -3492.5 -0.79916 -0.601118 6.12323e-17
4 4 2 2 -413149 816089 -3492.5 -0.616349 -0.787473 6.12323e-17
4 4 2 3 -413671 816397 -3492.5 -0.391534 -0.920164 6.12323e-17
4 4 2 4 -414256 816560 -3492.5 -0.140037 -0.990146 6.12323e-17
4 4 2 5 -414863 816566 -3492.5 0.121003 -0.992652 6.12323e-17
4 4 2 6 -415450 816414 -3492.5 0.373797 -0.92751 6.12323e-17
4 4 2 7 -415979 816116 -3492.5 0.601118 -0.79916 6.12323e-17
4 4 2 8 -416412 815691 -3492.5 0.787473 -0.616349 6.12323e-17
4 4 2 9 -416721 815169 -3492.5 0.920164 -0.391534 6.12323e-17
4 4 2 10 -416883 814584 -3492.5 0.990146 -0.140037 6.12323e-17
4 4 2 11 -416889 813977 -3492.5 0.992652 0.121003 6.12323e-17
4 4 2 12 -416738 813390 -3492.5 0.92751 0.373797 6.12323e-17
4 4 2 13 -416439 812861 -3492.5 0.79916 0.601118 6.12323e-17
4 4 2 14 -416014 812428 -3492.5 0.616349 0.787473 6.12323e-17
4 4 2 15 -415492 812120 -3492.5 0.391534 0.920164 6.12323e-17
4 4 2 16 -414907 811957 -3492.5 0.140037 0.990146 6.12323e-17
4 4 2 17 -414300 811951 -3492.5 -0.121003 0.992652 6.12323e-17
4 4 2 18 -413713 812102 -3492.5 -0.373797 0.92751 6.12323e-17
4 4 2 19 -413184 812401 -3492.5 -0.601118 0.79916 6.12323e-17
4 4 2 20 -412751 812826 -3492.5 -0.787473 0.616349 6.12323e-17
4 4 2 21 -412443 813348 -3492.5 -0.920164 0.391534 6.12323e-17
4 4 2 22 -412280 813933 -3492.5 -0.990146 0.140037 6.12323e-17
4 4 2 23 -412274 814540 -3492.5 -0.992652 -0.121003 6.12323e-17
4 4 2 24 -412426 815127 -3492.5 -0.92751 -0.373797 6.12323e-17
4 4 3 1 -412724 815656 -2992.5 -0.79916 -0.601118 6.12323e-17
4 4 3 2 -413149 816089 -2992.5 -0.616349 -0.787473 6.12323e-17
4 4 3 3 -413671 816397 -2992.5 -0.391534 -0.920164 6.12323e-17
4 4 3 4 -414256 816560 -2992.5 -0.140037 -0.990146 6.12323e-17
4 4 3 5 -414863 816566 -2992.5 0.121003 -0.992652 6.12323e-17
4 4 3 6 -415450 816414 -2992.5 0.373797 -0.92751 6.12323e-17
4 4 3 7 -415979 816116 -2992.5 0.601118 -0.79916 6.12323e-17
4 4 3 8 -416412 815691 -2992.5 0.787473 -0.616349 6.12323e-17
4 4 3 9 -416721 815169 -2992.5 0.920164 -0.391534 6.12323e-17
4 4 3 10 -416883 814584 -2992.5 0.990146 -0.140037 6.12323e-17
4 4 3 11 -416889 813977 -2992.5 0.992652 0.121003 6.12323e-17
4 4 3 12 -416738 813390 -2992.5 0.92751 0.373797 6.12323e-17
4 4 3 13 -416439 812861 -2992.5 0.79916 0.601118 6.12323e-17
4 4 3 14 -416014 812428 -2992.5 0.616349 0.787473 6.12323e-17
4 4 3 15 -415492 812120 -2992.5 0.391534 0.920164 6.12323e-17
4 4 3 16 -414907 811957 -2992.5 0.140037 0.990146 6.12323e-17
4 4 3 17 -414300 811951 -2992.5 -0.121003 0.992652 6.12323e-17
4 4 3 18 -413713 812102 -2992.5 -0.373797 0.92751 6.12323e-17
4 4 3 19 -413184 812401 -2992.5 -0.601118 0.79916 6.12323e-17
4 4 3 20 -412751 812826 -2992.5 -0.787473 0.616349 6.12323e-17
4 4 3 21 -412443 813348 -2992.5 -0.920164 0.391534 6.12323e-17
4 4 3 22 -412280 813933 -2992.5 -0.990146 0.140037 6.12323e-17
4 4 3 23 -412274 814540 -2992.5 -0.992652 -0.121003 6.12323e-17
4 4 3 24 -412426 815127 -2992.5 -0.92751 -0.373797 6.12323e-17
4 4 4 1 -412724 815656 -2492.5 -0.79916 -0.601118 6.12323e-17
4 4 4 2 -413149 816089 -2492.5 -0.616349 -0.787473 6.12323e-17
4 4 4 3 -413671 816397 -2492.5 -0.391534 -0.920164 6.12323e-17
4 4 4 4 -414256 816560 -2492.5 -0.140037 -0.990146 6.12323e-17
4 4 4 5 -414863 816566 -2492.5 0.121003 -0.992652 6.12323e-17
4 4 4 6 -415450 816414 -2492.5 0.373797 -0.92751 6.12323e-17
4 4 4 7 -415979 816116 -2492.5 0.601118 -0.79916 6.12323e-17
4 4 4 8 -416412 815691 -2492.5 0.787473 -0.616349 6.12323e-17
4 4 4 9 -416721 815169 -2492.5 0.920164 -0.391534 6.12323e-17
4 4 4 10 -416883 814584 -2492.5 0.990146 -0.140037 6.12323e-17
4 4 4 11 -416889 813977 -2492.5 0.992652 0.121003 6.12323e-17
4 4 4 12 -416738 813390 -2492.5 0.92751 0.373797 6.12323e-17
4 4 4 13 -416439 812861 -2492.5 0.79916 0.601118 6.12323e-17
4 4 4 14 -416014 812428 -2492.5 0.616349 0.787473 6.12323e-17
4 4 4 15 -415492 812120 -2492.5 0.391534 0.920164 6.12323e-17
4 4 4 16 -414907 811957 -2492.5 0.140037 0.990146 6.12323e-17
4 4 4 17 -414300 811951 -2492.5 -0.121003 0.992652 6.12323e-17
4 4 4 18 -413713 812102 -2492.5 -0.373797 0.92751 6.12323e-17
4 4 4 19 -413184 812401 -2492.5 -0.601118 0.79916 6.12323e-17
4 4 4 20 -412751 812826 -2492.5 -0.787473 0.616349 6.12323e-17
4 4 4 21 -412443 813348 -2492.5 -0.920164 0.391534 6.12323e-17
4 4 4 22 -412280 813933 -2492.5 -0.990146 0.140037 6.12323e-17
4 4 4 23 -412274 814540 -2492.5 -0.992652 -0.121003 6.12323e-17
4 4 4 24 -412426 815127 -2492.5 -0.92751 -0.373797 6.12323e-17
4 4 5 1 -412724 815656 -1992.5 -0.79916 -0.601118 6.12323e-17
4 4 5 2 -413149 816089 -1992.5 -0.616349 -0.787473 6.12323e-17
4 4 5 3 -413671 816397 -1992.5 -0.391534 -0.920164 6.12323e-17
4 4 5 4 -414256 816560 -1992.5 -0.140037 -0.990146 6.12323e-17
4 4 5 5 -414863 816566 -1992.5 0.121003 -0.992652 6.12323e-17
4 4 5 6 -415450 816414 -1992.5 0.373797 -0.92751 6.12323e-17
4 4 5 7 -415979 816116 -1992.5 0.601118 -0.79916 6.12323e-17
4 4 5 8 -416412 815691 -1992.5 0.787473 -0.616349 6.12323e-17
4 4 5 9 -416721 815169 -1992.5 0.920164 -0.391534 6.12323e-17
4 4 5 10 -416883 814584 -1992.5 0.990146 -0.140037 6.12323e-17
4 4 5 11 -416889 813977 -1992.5 0.992652 0.121003 6.12323e-17
4 4 5 12 -416738 813390 -1992.5 0.92751 0.373797 6.12323e-17
4 4 5 13 -416439 812861 -1992.5 0.79916 0.601118 6.12323e-17
4 4 5 14 -416014 812428 -1992.5 0.616349 0.787473 6.12323e-17
4 4 5 15 -415492 812120 -1992.5 0.391534 0.920164 6.12323e-17
4 4 5 16 -414907 811957 -1992.5 0.140037 0.990146 6.12323e-17
4 4 5 17 -414300 811951 -1992.5 -0.121003 0.992652 6.12323e-17
4 4 5 18 -413713 812102 -1992.5 -0.373797 0.92751 6.12323e-17
4 4 5 19 -413184 812401 -1992.5 -0.601118 0.79916 6.12323e-17
4 4 5 20 -412751 812826 -1992.5 -0.787473 0.616349 6.12323e-17
4 4 5 21 -412443 813348 -1992.5 -0.920164 0.391534 6.12323e-17
4 4 5 22 -412280 813933 -1992.5 -0.990146 0.140037 6.12323e-17
4 4 5 23 -412274 814540 -1992.5 -0.992652 -0.121003 6.12323e-17
4 4 5 24 -412426 815127 -1992.5 -0.92751 -0.373797 6.12323e-17
4 4 6 1 -412724 815656 -1492.5 -0.79916 -0.601118 6.12323e-17
4 4 6 2 -413149 816089 -1492.5 -0.616349 -0.787473 6.12323e-17
4 4 6 3 -413671 816397 -1492.5 -0.391534 -0.920164 6.12323e-17
4 4 6 4 -414256 816560 -1492.5 -0.140037 -0.990146 6.12323e-17
4 4 6 5 -414863 816566 -1492.5 0.121003 -0.992652 6.12323e-17
4 4 6 6 -415450 816414 -1492.5 0.373797 -0.92751 6.12323e-17
4 4 6 7 -415979 816116 -1492.5 0.601118 -0.79916 6.12323e-17
4 4 6 8 -416412 815691 -1492.5 0.787473 -0.616349 6.12323e-17
4 4 6 9 -416721 815169 -1492.5 0.920164 -0.391534 6.12323e-17
4 4 6 10 -416883 814584 -1492.5 0.990146 -0.140037 6.12323e-17
4 4 6 11 -416889 813977 -1492.5 0.992652 0.121003 6.12323e-17
4 4 6 12 -416738 813390 -1492.5 0.92751 0.373797 6.12323e-17
4 4 6 13 -416439 812861 -1492.5 0.79916 0.601118 6.12323e-17
4 4 6 14 -416014 812428 -1492.5 0.616349 0.787473 6.12323e-17
4 4 6 15 -415492 812120 -1492.5 0.391534 0.920164 6.12323e-17
4 4 6 16 -414907 811957 -1492.5 0.140037 0.990146 6.12323e-17
4 4 6 17 -414300 811951 -1492.5 -0.121003 0.992652 6.12323e-17
4 4 6 18 -413713 812102 -1492.5 -0.373797 0.92751 6.12323e-17
4 4 6 19 -413184 812401 -1492.5 -0.601118 0.79916 6.12323e-17
4 4 6 20 -412751 812826 -1492.5 -0.787473 0.616349 6.12323e-17
4 4 6 21 -412443 813348 -1492.5 -0.920164 0.391534 6.12323e-17
4 4 6 22 -412280 813933 -1492.5 -0.990146 0.140037 6.12323e-17
4 4 6 23 -412274 814540 -1492.5 -0.992652 -0.121003 6.12323e-17
4 4 6 24 -412426 815127 -1492.5 -0.92751 -0.373797 6.12323e-17
4 4 7 1 -412724 815656 -992.5 -0.79916 -0.601118 6.12323e-17
4 4 7 2 -413149 816089 -992.5 -0.616349 -0.787473 6.12323e-17
4 4 7 3 -413671 816397 -992.5 -0.391534 -0.920164 6.12323e-17
4 4 7 4 -414256 816560 -992.5 -0.140037 -0.990146 6.12323e-17
4 4 7 5 -414863 816566 -992.5 0.121003 -0.992652 6.12323e-17
4 4 7 6 -415450 816414 -992.5 0.373797 -0.92751 6.12323e-17
4 4 7 7 -415979 816116 -992.5 0.601118 -0.79916 6.12323e-17
4 4 7 8 -416412 815691 -992.5 0.787473 -0.616349 6.12323e-17
4 4 7 9 -416721 815169 -992.5 0.920164 -0.391534 6.12323e-17
4 4 7 10 -416883 814584 -992.5 0.990146 -0.140037 6.12323e-17
4 4 7 11 -416889 813977 -992.5 0.992652 0.121003 6.12323e-17
4 4 7 12 -416738 813390 -992.5 0.92751 0.373797 6.12323e-17
4 4 7 13 -416439 812861 -992.5 0.79916 0.601118 6.12323e-17
4 4 7 14 -416014 812428 -992.5 0.616349 0.787473 6.12323e-17
4 4 7 15 -415492 812120 -992.5 0.391534 0.920164 6.12323e-17
4 4 7 16 -414907 811957 -992.5 0.140037 0.990146 6.12323e-17
4 4 7 17 -414300 811951 -992.5 -0.121003 0.992652 6.12323e-17
4 4 7 18 -413713 812102 -992.5 -0.373797 0.92751 6.12323e-17
4 4 7 19 -413184 812401 -992.5 -0.601118 0.79916 6.12323e-17
4 4 7 20 -412751 812826 -992.5 -0.787473 0.616349 6.12323e-17
4 4 7 21 -412443 813348 -992.5 -0.920164 0.391534 6.12323e-17
4 4 7 22 -412280 813933 -992.5 -0.990146 0.140037 6.12323e-17
4 4 7 23 -412274 814540 -992.5 -0.992652 -0.121003 6.12323e-17
4 4 7 24 -412426 815127 -992.5 -0.92751 -0.373797 6.12323e-17
4 4 8 1 -412724 815656 -492.5 -0.79916 -0.601118 6.12323e-17
4 4 8 2 -413149 816089 -492.5 -0.616349 -0.787473 6.12323e-17
4 4 8 3 -413671 816397 -492.5 -0.391534 -0.920164 6.12323e-17
4 4 8 4 -414256 816560 -492.5 -0.140037 -0.990146 6.12323e-17
4 4 8 5 -414863 816566 -492.5 0.121003 -0.992652 6.12323e-17
4 4 8 6 -415450 816414 -492.5 0.373797 -0.92751 6.12323e-17
4 4 8 7 -415979 816116 -492.5 0.601118 -0.79916 6.12323e-17
4 4 8 8 -416412 815691 -492.5 0.787473 -0.616349 6.12323e-17
4 4 8 9 -416721 815169 -492.5 0.920164 -0.391534 6.12323e-17
4 4 8 10 -416883 814584 -492.5 0.990146 -0.140037 6.12323e-17
4 4 8 11 -416889 813977 -492.5 0.992652 0.121003 6.12323e-17
4 4 8 12 -416738 813390 -492.5 0.92751 0.373797 6.12323e-17
4 4 8 13 -416439 812861 -492.5 0.79916 0.601118 6.12323e-17
4 4 8 14 -416014 812428 -492.5 0.616349 0.787473 6.12323e-17
4 4 8 15 -415492 812120 -492.5 0.391534 0.920164 6.12323e-17
4 4 8 16 -414907 811957 -492.5 0.140037 0.990146 6.12323e-17
4 4 8 17 -414300 811951 -492.5 -0.121003 0.992652 6.12323e-17
4 4 8 18 -413713 812102 -492.5 -0.373797 0.92751 6.12323e-17
4 4 8 19 -413184 812401 -492.5 -0.601118 0.79916 6.12323e-17
4 4 8 20 -412751 812826 -492.5 -0.787473 0.616349 6.12323e-17
4 4 8 21 -412443 813348 -492.5 -0.920164 0.391534 6.12323e-17
4 4 8 22 -412280 813933 -492.5 -0.990146 0.140037 6.12323e-17
4 4 8 23 -412274 814540 -492.5 -0.992652 -0.121003 6.12323e-17
4 4 8 24 -412426 815127 -492.5 -0.92751 -0.373797 6.12323e-17
