2 5 1 1 1 472939 56550.1 -6442.1 -0.17863 0.983916 6.12323e-17
2 5 1 2 1 471921 56365.3 -6295.1 -0.17863 0.983916 6.12323e-17
2 5 1 3 1 474090 56759.2 -6295.1 -0.17863 0.983916 6.12323e-17
2 5 1 4 1 472939 56550.4 -4205.1 -0.17863 0.983916 6.12323e-17
2 5 1 5 1 471921 56365.3 -3323.1 -0.17863 0.983916 6.12323e-17
2 5 1 6 1 474090 56759.2 -3323.1 -0.17863 0.983916 6.12323e-17
2 5 1 7 1 472939 56550.4 -2078.1 -0.17863 0.983916 6.12323e-17
2 5 1 8 1 471921 56365.3 -351.1 -0.17863 0.983916 6.12323e-17
2 5 1 9 1 474090 56759.2 -351.1 -0.17863 0.983916 6.12323e-17
2 5 1 10 1 472939 56550.4 767.9 -0.17863 0.983916 6.12323e-17
2 5 2 1 1 474998 57537.2 -6442.7 -0.822045 0.569423 6.12323e-17
2 5 2 2 1 475769 58650.8 -6442.7 -0.822045 0.569423 6.12323e-17
2 5 2 3 1 474998 57537.1 -4205.7 -0.821913 0.569612 6.12323e-17
2 5 2 4 1 475769 58650.8 -4205.7 -0.822045 0.569423 6.12323e-17
2 5 2 5 1 474998 57537.1 -2078.7 -0.821913 0.569612 6.12323e-17
2 5 2 6 1 475769 58650.8 -2078.7 -0.822045 0.569423 6.12323e-17
2 5 2 7 1 474998 57537.1 767.3 -0.821913 0.569612 6.12323e-17
2 5 2 8 1 475769 58650.8 767.3 -0.822045 0.569423 6.12323e-17
2 5 3 1 1 475934 61122.3 -6442.1 -0.983916 -0.17863 6.12323e-17
2 5 3 2 1 475434 63877.3 -6442.1 -0.983916 -0.17863 6.12323e-17
2 5 3 3 1 474958 66497.9 -6442.1 -0.983916 -0.17863 6.12323e-17
2 5 3 4 1 476179 59773.8 -6295.1 -0.983916 -0.17863 6.12323e-17
2 5 3 5 1 475696 62430.4 -6295.1 -0.983916 -0.17863 6.12323e-17
2 5 3 6 1 475195 65189.9 -6295.1 -0.983916 -0.17863 6.12323e-17
2 5 3 7 1 474713 67846.4 -6295.1 -0.983916 -0.17863 6.12323e-17
2 5 3 8 1 475934 61122.3 -4205.5 -0.983916 -0.17863 6.12323e-17
2 5 3 9 1 475434 63877.3 -4204.8 -0.983916 -0.17863 6.12323e-17
2 5 3 10 1 474958 66497.3 -4204.8 -0.983916 -0.17863 6.12323e-17
2 5 3 11 1 476179 59773.8 -3323.5 -0.983916 -0.17863 6.12323e-17
2 5 3 12 1 475696 62430.4 -3323.5 -0.983916 -0.17863 6.12323e-17
2 5 3 13 1 475196 65189.3 -3322.8 -0.983916 -0.17863 6.12323e-17
2 5 3 14 1 474713 67845.8 -3322.8 -0.983916 -0.17863 6.12323e-17
2 5 3 15 1 475934 61122.3 -2078.5 -0.983916 -0.17863 6.12323e-17
2 5 3 16 1 475434 63877.3 -2077.8 -0.983916 -0.17863 6.12323e-17
2 5 3 17 1 474958 66497.3 -2077.8 -0.983916 -0.17863 6.12323e-17
2 5 3 18 1 476179 59773.8 -351.5 -0.983916 -0.17863 6.12323e-17
2 5 3 19 1 475696 62430.4 -351.5 -0.983916 -0.17863 6.12323e-17
2 5 3 20 1 475196 65189.3 -351.2 -0.983916 -0.17863 6.12323e-17
2 5 3 21 1 474713 67845.8 -351.2 -0.983916 -0.17863 6.12323e-17
2 5 3 22 1 475934 61122.3 767.5 -0.983916 -0.17863 6.12323e-17
2 5 3 23 1 475434 63877.3 767.8 -0.983916 -0.17863 6.12323e-17
2 5 3 24 1 474958 66497.3 767.8 -0.983916 -0.17863 6.12323e-17
2 5 4 1 1 473935 68753.8 -6442.1 -0.569612 -0.821913 6.12323e-17
2 5 4 2 1 472822 69525.1 -6442.1 -0.569423 -0.822045 6.12323e-17
2 5 4 3 1 473935 68753.8 -4205.1 -0.569234 -0.822176 6.12323e-17
2 5 4 4 1 472822 69525.1 -4205.1 -0.569423 -0.822045 6.12323e-17
2 5 4 5 1 473935 68753.8 -2078.1 -0.569234 -0.822176 6.12323e-17
2 5 4 6 1 472822 69525.1 -2078.1 -0.569423 -0.822045 6.12323e-17
2 5 4 7 1 473935 68753.8 767.9 -0.569234 -0.822176 6.12323e-17
2 5 4 8 1 472822 69525.1 767.9 -0.569423 -0.822045 6.12323e-17
2 5 5 1 1 470681 69749.9 -6442.1 0.17863 -0.983916 6.12323e-17
2 5 5 2 1 471699 69934.7 -6295.1 0.17863 -0.983916 6.12323e-17
2 5 5 3 1 469530 69540.8 -6295.1 0.17863 -0.983916 6.12323e-17
2 5 5 4 1 470681 69749.6 -4205.1 0.17863 -0.983916 6.12323e-17
2 5 5 5 1 471699 69934.7 -3323.1 0.17863 -0.983916 6.12323e-17
2 5 5 6 1 469530 69540.8 -3323.1 0.17863 -0.983916 6.12323e-17
2 5 5 7 1 470681 69749.6 -2078.1 0.17863 -0.983916 6.12323e-17
2 5 5 8 1 471699 69934.7 -351.1 0.17863 -0.983916 6.12323e-17
2 5 5 9 1 469530 69540.8 -351.1 0.17863 -0.983916 6.12323e-17
2 5 5 10 1 470681 69749.6 767.9 0.17863 -0.983916 6.12323e-17
2 5 6 1 1 468622 68762.8 -6442.1 0.822045 -0.569423 6.12323e-17
2 5 6 2 1 467851 67649.2 -6442.1 0.822045 -0.569423 6.12323e-17
2 5 6 3 1 468622 68762.9 -4205.1 0.821913 -0.569612 6.12323e-17
2 5 6 4 1 467851 67649.2 -4205.1 0.822045 -0.569423 6.12323e-17
2 5 6 5 1 468622 68762.9 -2078.1 0.821913 -0.569612 6.12323e-17
2 5 6 6 1 467851 67649.2 -2078.1 0.822045 -0.569423 6.12323e-17
2 5 6 7 1 468622 68762.9 777.7 0.821913 -0.569612 6.12323e-17
2 5 6 8 1 467851 67649.2 767.9 0.822045 -0.569423 6.12323e-17
2 5 7 1 1 467686 65177.7 -6442.1 0.983916 0.17863 6.12323e-17
2 5 7 2 1 468186 62422.7 -6442.1 0.983916 0.17863 6.12323e-17
2 5 7 3 1 468662 59802.1 -6442.1 0.983916 0.17863 6.12323e-17
2 5 7 4 1 467441 66526.2 -6295.1 0.983916 0.17863 6.12323e-17
2 5 7 5 1 467924 63869.6 -6295.1 0.983916 0.17863 6.12323e-17
2 5 7 6 1 468425 61110.1 -6295.1 0.983916 0.17863 6.12323e-17
2 5 7 7 1 468907 58453.6 -6295.1 0.983916 0.17863 6.12323e-17
2 5 7 8 1 467686 65177.7 -4205.5 0.983916 0.17863 6.12323e-17
2 5 7 9 1 468186 62422.7 -4204.8 0.983916 0.17863 6.12323e-17
2 5 7 10 1 468662 59802.7 -4204.8 0.983916 0.17863 6.12323e-17
2 5 7 11 1 467441 66526.2 -3323.5 0.983916 0.17863 6.12323e-17
2 5 7 12 1 467924 63869.6 -3323.5 0.983916 0.17863 6.12323e-17
2 5 7 13 1 468424 61110.7 -3322.8 0.983916 0.17863 6.12323e-17
2 5 7 14 1 468907 58454.2 -3322.8 0.983916 0.17863 6.12323e-17
2 5 7 15 1 467686 65177.7 -2078.5 0.983916 0.17863 6.12323e-17
2 5 7 16 1 468186 62422.7 -2077.8 0.983916 0.17863 6.12323e-17
2 5 7 17 1 468662 59802.7 -2077.8 0.983916 0.17863 6.12323e-17
2 5 7 18 1 467441 66526.2 -351.5 0.983916 0.17863 6.12323e-17
2 5 7 19 1 467924 63869.6 -351.5 0.983916 0.17863 6.12323e-17
2 5 7 20 1 468424 61110.7 -351.2 0.983916 0.17863 6.12323e-17
2 5 7 21 1 468907 58454.2 -351.2 0.983916 0.17863 6.12323e-17
2 5 7 22 1 467686 65177.7 767.5 0.983916 0.17863 6.12323e-17
2 5 7 23 1 468186 62422.7 767.8 0.983916 0.17863 6.12323e-17
2 5 7 24 1 468662 59802.7 767.8 0.983916 0.17863 6.12323e-17
2 5 8 1 1 469685 57546.2 -6442.4 0.569423 0.822045 6.12323e-17
2 5 8 2 1 470798 56774.8 -6442.4 0.569612 0.821913 6.12323e-17
2 5 8 3 1 469685 57546.2 -4205.4 0.569423 0.822045 6.12323e-17
2 5 8 4 1 470798 56774.8 -4205.4 0.569612 0.821913 6.12323e-17
2 5 8 5 1 469685 57546.2 -2078.4 0.569423 0.822045 6.12323e-17
2 5 8 6 1 470798 56774.8 -2078.4 0.569612 0.821913 6.12323e-17
2 5 8 7 1 469685 57546.2 777.4 0.569423 0.822045 6.12323e-17
2 5 8 8 1 470798 56774.8 767.6 0.569612 0.821913 6.12323e-17
2 5 9 1 1 473671 57390.4 -7417.4 0 0 1
2 5 9 2 1 475109 58284 -7417.4 0 0 1
2 5 9 3 1 475476 59749.9 -7417.4 0 0 1
2 5 9 4 1 474941 62701.7 -7417.4 0 0 1
2 5 9 5 1 474583 64670 -7417.4 0 0 1
2 5 9 6 1 474047 67621.8 -7417.4 0 0 1
2 5 9 7 1 473188 68864.3 -7417.4 0 0 1
2 5 9 8 1 471529 69196.5 -7417.4 0 0 1
2 5 9 9 1 469949 68909.6 -7417.4 0 0 1
2 5 9 10 1 468511 68016 -7417.4 0 0 1
2 5 9 11 1 468144 66550.1 -7417.4 0 0 1
2 5 9 12 1 468679 63598.3 -7417.4 0 0 1
2 5 9 13 1 469037 61630 -7417.4 0 0 1
2 5 9 14 1 469573 58678.2 -7417.4 0 0 1
2 5 9 15 1 470432 57435.7 -7417.4 0 0 1
2 5 9 16 1 472091 57103.5 -7417.4 0 0 1
2 5 9 17 1 472779 62309.7 -7417.4 0 0 1
2 5 9 18 1 472421 64277.1 -7417.4 0 0 1
2 5 9 19 1 470841 63990.3 -7417.4 0 0 1
2 5 9 20 1 471199 62022.9 -7417.4 0 0 1
2 5 9 21 1 471810 63150 -7417.4 0 0 1
2 6 1 1 0 473012 56148.6 -7177.1 0.17863 -0.983916 6.12323e-17
2 6 1 2 0 473012 56148.6 -5078.1 0.17863 -0.983916 6.12323e-17
2 6 1 3 0 473012 56148.9 -2748.1 0.17863 -0.983916 6.12323e-17
2 6 1 4 0 473012 56148.9 223.9 0.17863 -0.983916 6.12323e-17
2 6 2 1 0 475333 57304.9 -7177.7 0.821913 -0.569612 6.12323e-17
2 6 2 2 0 476105 58418.4 -7177.7 0.822045 -0.569423 6.12323e-17
2 6 2 3 0 475333 57304.9 -5078.7 0.821913 -0.569612 6.12323e-17
2 6 2 4 0 476105 58418.4 -5078.7 0.822045 -0.569423 6.12323e-17
2 6 2 5 0 475333 57304.8 -2748.7 0.822045 -0.569423 6.12323e-17
2 6 2 6 0 476105 58418.4 -2748.7 0.822045 -0.569423 6.12323e-17
2 6 2 7 0 475333 57304.8 223.3 0.822045 -0.569423 6.12323e-17
2 6 2 8 0 476105 58418.4 223.3 0.822045 -0.569423 6.12323e-17
2 6 3 1 0 476335 61195.2 -7177.1 0.983916 0.17863 6.12323e-17
2 6 3 2 0 475835 63950.2 -7177.1 0.983916 0.17863 6.12323e-17
2 6 3 3 0 475359 66570.8 -7177.1 0.983916 0.17863 6.12323e-17
2 6 3 4 0 476335 61195.2 -5078.1 0.983916 0.17863 6.12323e-17
2 6 3 5 0 475835 63950.2 -5078.1 0.983916 0.17863 6.12323e-17
2 6 3 6 0 475359 66570.8 -5078.1 0.983916 0.17863 6.12323e-17
2 6 3 7 0 476335 61195.2 -2748.5 0.983916 0.17863 6.12323e-17
2 6 3 8 0 475835 63950.2 -2747.8 0.983916 0.17863 6.12323e-17
2 6 3 9 0 475360 66570.2 -2747.8 0.983916 0.17863 6.12323e-17
2 6 3 10 0 476335 61195.2 223.5 0.983916 0.17863 6.12323e-17
2 6 3 11 0 475835 63950.2 223.8 0.983916 0.17863 6.12323e-17
2 6 3 12 0 475360 66570.2 223.8 0.983916 0.17863 6.12323e-17
2 6 4 1 0 474167 69089.2 -7177.1 0.569423 0.822045 6.12323e-17
2 6 4 2 0 473054 69860.6 -7177.1 0.569423 0.822045 6.12323e-17
2 6 4 3 0 474167 69089.2 -5078.1 0.569423 0.822045 6.12323e-17
2 6 4 4 0 473054 69860.6 -5078.1 0.569423 0.822045 6.12323e-17
2 6 4 5 0 474167 69089.2 -2748.1 0.569423 0.822045 6.12323e-17
2 6 4 6 0 473054 69860.6 -2748.1 0.569423 0.822045 6.12323e-17
2 6 4 7 0 474167 69089.2 223.9 0.569423 0.822045 6.12323e-17
2 6 4 8 0 473054 69860.6 223.9 0.569423 0.822045 6.12323e-17
2 6 5 1 0 470608 70151.4 -7177.1 -0.17863 0.983916 6.12323e-17
2 6 5 2 0 470608 70151.4 -5078.1 -0.17863 0.983916 6.12323e-17
2 6 5 3 0 470608 70151.1 -2748.1 -0.17863 0.983916 6.12323e-17
2 6 5 4 0 470608 70151.1 223.9 -0.17863 0.983916 6.12323e-17
2 6 6 1 0 468287 68995.1 -7177.1 -0.821913 0.569612 6.12323e-17
2 6 6 2 0 467515 67881.6 -7177.1 -0.822045 0.569423 6.12323e-17
2 6 6 3 0 468287 68995.1 -5078.1 -0.821913 0.569612 6.12323e-17
2 6 6 4 0 467515 67881.6 -5078.1 -0.822045 0.569423 6.12323e-17
2 6 6 5 0 468287 68995.2 -2748.1 -0.822045 0.569423 6.12323e-17
2 6 6 6 0 467515 67881.6 -2748.1 -0.822045 0.569423 6.12323e-17
2 6 6 7 0 468287 68995.2 223.9 -0.822045 0.569423 6.12323e-17
2 6 6 8 0 467515 67881.6 223.9 -0.822045 0.569423 6.12323e-17
2 6 7 1 0 467285 65104.8 -7177.1 -0.983916 -0.17863 6.12323e-17
2 6 7 2 0 467785 62349.8 -7177.1 -0.983916 -0.17863 6.12323e-17
2 6 7 3 0 468261 59729.2 -7177.1 -0.983916 -0.17863 6.12323e-17
2 6 7 4 0 467285 65104.8 -5078.1 -0.983916 -0.17863 6.12323e-17
2 6 7 5 0 467785 62349.8 -5078.1 -0.983916 -0.17863 6.12323e-17
2 6 7 6 0 468261 59729.2 -5078.1 -0.983916 -0.17863 6.12323e-17
2 6 7 7 0 467285 65104.8 -2748.5 -0.983916 -0.17863 6.12323e-17
2 6 7 8 0 467785 62349.8 -2747.8 -0.983916 -0.17863 6.12323e-17
2 6 7 9 0 468260 59729.8 -2747.8 -0.983916 -0.17863 6.12323e-17
2 6 7 10 0 467285 65104.8 223.5 -0.983916 -0.17863 6.12323e-17
2 6 7 11 0 467785 62349.8 223.8 -0.983916 -0.17863 6.12323e-17
2 6 7 12 0 468260 59729.8 223.8 -0.983916 -0.17863 6.12323e-17
2 6 8 1 0 469453 57210.8 -7177.4 -0.569234 -0.822176 6.12323e-17
2 6 8 2 0 470566 56439.4 -7177.4 -0.569423 -0.822045 6.12323e-17
2 6 8 3 0 469453 57210.8 -5078.4 -0.569234 -0.822176 6.12323e-17
2 6 8 4 0 470566 56439.4 -5078.4 -0.569423 -0.822045 6.12323e-17
2 6 8 5 0 469453 57210.8 -2748.4 -0.569423 -0.822045 6.12323e-17
2 6 8 6 0 470566 56439.4 -2748.4 -0.569423 -0.822045 6.12323e-17
2 6 8 7 0 469453 57210.8 223.6 -0.569423 -0.822045 6.12323e-17
2 6 8 8 0 470566 56439.4 223.6 -0.569423 -0.822045 6.12323e-17
2 6 1 1 1 472100 55381.4 -8177.1 -0.17863 0.983916 6.12323e-17
2 6 1 2 1 474269 55775.3 -8177.1 -0.17863 0.983916 6.12323e-17
2 6 1 3 1 472100 55381.4 -5595.1 -0.17863 0.983916 6.12323e-17
2 6 1 4 1 474269 55775.3 -5595.1 -0.17863 0.983916 6.12323e-17
2 6 1 5 1 472100 55381.4 -2623.1 -0.17863 0.983916 6.12323e-17
2 6 1 6 1 474269 55775.3 -2623.1 -0.17863 0.983916 6.12323e-17
2 6 1 7 1 472100 55381.4 348.9 -0.17863 0.983916 6.12323e-17
2 6 1 8 1 474269 55775.3 348.9 -0.17863 0.983916 6.12323e-17
2 6 2 1 1 475578 56618.5 -8177.7 -0.822045 0.569423 6.12323e-17
2 6 2 2 1 476833 58430.6 -8177.7 -0.822045 0.569423 6.12323e-17
2 6 2 3 1 475578 56618.5 -5595.7 -0.822045 0.569423 6.12323e-17
2 6 2 4 1 476833 58430.6 -5595.7 -0.822045 0.569423 6.12323e-17
2 6 2 5 1 475578 56618.5 -2623.7 -0.822045 0.569423 6.12323e-17
2 6 2 6 1 476833 58430.6 -2623.7 -0.822045 0.569423 6.12323e-17
2 6 2 7 1 475578 56618.5 348.3 -0.822045 0.569423 6.12323e-17
2 6 2 8 1 476833 58430.6 348.3 -0.822045 0.569423 6.12323e-17
2 6 3 1 1 477163 59952.4 -8177.1 -0.983916 -0.17863 6.12323e-17
2 6 3 2 1 476680 62609 -8177.1 -0.983916 -0.17863 6.12323e-17
2 6 3 3 1 476179 65368.5 -8177.1 -0.983916 -0.17863 6.12323e-17
2 6 3 4 1 475697 68025.1 -8177.1 -0.983916 -0.17863 6.12323e-17
2 6 3 5 1 477163 59952.4 -5595.1 -0.983916 -0.17863 6.12323e-17
2 6 3 6 1 476680 62609 -5595.1 -0.983916 -0.17863 6.12323e-17
2 6 3 7 1 476179 65368.5 -5595.1 -0.983916 -0.17863 6.12323e-17
2 6 3 8 1 475697 68025.1 -5595.1 -0.983916 -0.17863 6.12323e-17
2 6 3 9 1 477163 59952.4 -2623.5 -0.983916 -0.17863 6.12323e-17
2 6 3 10 1 476680 62609 -2623.5 -0.983916 -0.17863 6.12323e-17
2 6 3 11 1 476180 65367.9 -2622.8 -0.983916 -0.17863 6.12323e-17
2 6 3 12 1 475697 68024.5 -2622.8 -0.983916 -0.17863 6.12323e-17
2 6 3 13 1 477163 59952.4 348.5 -0.983916 -0.17863 6.12323e-17
2 6 3 14 1 476680 62609 348.5 -0.983916 -0.17863 6.12323e-17
2 6 3 15 1 476180 65367.9 348.8 -0.983916 -0.17863 6.12323e-17
2 6 3 16 1 475697 68024.5 348.8 -0.983916 -0.17863 6.12323e-17
2 6 4 1 1 474854 69333.9 -8177.1 -0.569423 -0.822045 6.12323e-17
2 6 4 2 1 473042 70589.2 -8177.1 -0.569234 -0.822176 6.12323e-17
2 6 4 3 1 474854 69333.9 -5595.1 -0.569423 -0.822045 6.12323e-17
2 6 4 4 1 473042 70589.2 -5595.1 -0.569234 -0.822176 6.12323e-17
2 6 4 5 1 474854 69333.9 -2623.1 -0.569423 -0.822045 6.12323e-17
2 6 4 6 1 473042 70589.2 -2623.1 -0.569234 -0.822176 6.12323e-17
2 6 4 7 1 474854 69333.9 348.9 -0.569423 -0.822045 6.12323e-17
2 6 4 8 1 473042 70589.2 348.9 -0.569234 -0.822176 6.12323e-17
2 6 5 1 1 471520 70918.6 -8177.1 0.17863 -0.983916 6.12323e-17
2 6 5 2 1 469351 70524.7 -8177.1 0.17863 -0.983916 6.12323e-17
2 6 5 3 1 471520 70918.6 -5595.1 0.17863 -0.983916 6.12323e-17
2 6 5 4 1 469351 70524.7 -5595.1 0.17863 -0.983916 6.12323e-17
2 6 5 5 1 471520 70918.6 -2623.1 0.17863 -0.983916 6.12323e-17
2 6 5 6 1 469351 70524.7 -2623.1 0.17863 -0.983916 6.12323e-17
2 6 5 7 1 471520 70918.6 348.9 0.17863 -0.983916 6.12323e-17
2 6 5 8 1 469351 70524.7 348.9 0.17863 -0.983916 6.12323e-17
2 6 6 1 1 468042 69681.5 -8177.1 0.822045 -0.569423 6.12323e-17
2 6 6 2 1 466787 67869.4 -8177.1 0.822176 -0.569234 6.12323e-17
2 6 6 3 1 468042 69681.5 -5595.1 0.822045 -0.569423 6.12323e-17
2 6 6 4 1 466787 67869.4 -5595.1 0.822176 -0.569234 6.12323e-17
2 6 6 5 1 468042 69681.5 -2623.1 0.822045 -0.569423 6.12323e-17
2 6 6 6 1 466787 67869.4 -2623.1 0.822176 -0.569234 6.12323e-17
2 6 6 7 1 468042 69681.5 358.7 0.822045 -0.569423 6.12323e-17
2 6 6 8 1 466787 67869.4 348.9 0.822176 -0.569234 6.12323e-17
2 6 7 1 1 466457 66347.6 -8177.1 0.983916 0.17863 6.12323e-17
2 6 7 2 1 466940 63691 -8177.1 0.983916 0.17863 6.12323e-17
2 6 7 3 1 467441 60931.5 -8177.1 0.983916 0.17863 6.12323e-17
2 6 7 4 1 467923 58274.9 -8177.1 0.983916 0.17863 6.12323e-17
2 6 7 5 1 466457 66347.6 -5595.1 0.983916 0.17863 6.12323e-17
2 6 7 6 1 466940 63691 -5595.1 0.983916 0.17863 6.12323e-17
2 6 7 7 1 467441 60931.5 -5595.1 0.983916 0.17863 6.12323e-17
2 6 7 8 1 467923 58274.9 -5595.1 0.983916 0.17863 6.12323e-17
2 6 7 9 1 466457 66347.6 -2623.5 0.983916 0.17863 6.12323e-17
2 6 7 10 1 466940 63691 -2623.5 0.983916 0.17863 6.12323e-17
2 6 7 11 1 467440 60932.1 -2622.8 0.983916 0.17863 6.12323e-17
2 6 7 12 1 467923 58275.5 -2622.8 0.983916 0.17863 6.12323e-17
2 6 7 13 1 466457 66347.6 348.5 0.983916 0.17863 6.12323e-17
2 6 7 14 1 466940 63691 348.5 0.983916 0.17863 6.12323e-17
2 6 7 15 1 467440 60932.1 348.8 0.983916 0.17863 6.12323e-17
2 6 7 16 1 467923 58275.5 348.8 0.983916 0.17863 6.12323e-17
2 6 8 1 1 468766 56966 -8177.4 0.569423 0.822045 6.12323e-17
2 6 8 2 1 470578 55710.9 -8177.4 0.569423 0.822045 6.12323e-17
2 6 8 3 1 468766 56966 -5595.4 0.569423 0.822045 6.12323e-17
2 6 8 4 1 470578 55710.9 -5595.4 0.569423 0.822045 6.12323e-17
2 6 8 5 1 468766 56966 -2623.4 0.569423 0.822045 6.12323e-17
2 6 8 6 1 470578 55710.9 -2623.4 0.569423 0.822045 6.12323e-17
2 6 8 7 1 468766 56966 358.4 0.569423 0.822045 6.12323e-17
2 6 8 8 1 470578 55710.9 348.6 0.569423 0.822045 6.12323e-17
2 6 9 1 1 473133 55976.3 -8339.7 0 0 1
2 6 9 2 1 475222 56807.4 -8340.3 0 0 1
2 6 9 3 1 476531 58697.9 -8340.3 0 0 1
2 6 9 4 1 476581 60916.3 -8339.7 0 0 1
2 6 9 5 1 476032 63937.8 -8339.7 0 0 1
2 6 9 6 1 475491 66918 -8339.7 0 0 1
2 6 9 7 1 474665 68977.4 -8339.7 0 0 1
2 6 9 8 1 472774 70287 -8339.7 0 0 1
2 6 9 9 1 470487 70323.7 -8339.7 0 0 1
2 6 9 10 1 468399 69492.7 -8339.7 0 0 1
2 6 9 11 1 467089 67602.1 -8339.7 0 0 1
2 6 9 12 1 467039 65383.7 -8339.7 0 0 1
2 6 9 13 1 467588 62362.2 -8339.7 0 0 1
2 6 9 14 1 468129 59382 -8339.7 0 0 1
2 6 9 15 1 468955 57322.7 -8340 0 0 1
2 6 9 16 1 470846 56013 -8340 0 0 1
2 6 9 17 1 472346 60198.3 -8339.7 0 0 1
2 6 9 18 1 473885 62916.9 -8339.7 0 0 1
2 6 9 19 1 473671 64097.6 -8339.7 0 0 1
2 6 9 20 1 471274 66101.7 -8339.7 0 0 1
2 6 9 21 1 469735 63383.1 -8339.7 0 0 1
2 6 9 22 1 469949 62202.4 -8339.7 0 0 1
2 6 9 23 1 471809 63150 -8339.7 0 0 1
