1	1	5	1	1	1	-20099.4	-796451	-9822.1	0.543174	-0.83962	6.12323E-017
2	1	5	1	2	1	-19231.1	-795890	-9675.1	0.543174	-0.83962	6.12323E-017
3	1	5	1	3	1	-21082.2	-797087	-9675.1	0.543174	-0.83962	6.12323E-017
4	1	5	1	4	1	-20099.3	-796452	-7585.1	0.543174	-0.83962	6.12323E-017
5	1	5	1	5	1	-19231.1	-795890	-6703.1	0.543174	-0.83962	6.12323E-017
6	1	5	1	6	1	-21082.2	-797087	-6703.1	0.543174	-0.83962	6.12323E-017
7	1	5	1	7	1	-20099.3	-796452	-5458.1	0.543174	-0.83962	6.12323E-017
8	1	5	1	8	1	-19231.1	-795890	-3731.1	0.543174	-0.83962	6.12323E-017
9	1	5	1	9	1	-21082.2	-797087	-3731.1	0.543174	-0.83962	6.12323E-017
10	1	5	1	10	1	-20099.3	-796452	-2612.1	0.543174	-0.83962	6.12323E-017
11	1	5	2	1	1	-21620.8	-798154	-9822.7	0.977783	-0.209619	6.12323E-017
12	1	5	2	2	1	-21904.6	-799479	-9822.7	0.977783	-0.209619	6.12323E-017
13	1	5	2	3	1	-21620.8	-798154	-7585.7	0.977735	-0.209844	6.12323E-017
14	1	5	2	4	1	-21904.6	-799479	-7585.7	0.977783	-0.209619	6.12323E-017
15	1	5	2	5	1	-21620.8	-798154	-5458.7	0.977735	-0.209844	6.12323E-017
16	1	5	2	6	1	-21904.6	-799479	-5458.7	0.977783	-0.209619	6.12323E-017
17	1	5	2	7	1	-21620.8	-798154	-2612.7	0.977735	-0.209844	6.12323E-017
18	1	5	2	8	1	-21904.6	-799479	-2612.7	0.977783	-0.209619	6.12323E-017
19	1	5	3	1	1	-21106.5	-801824	-9822.1	0.83962	0.543174	6.12323E-017
20	1	5	3	2	1	-19585.6	-804175	-9822.1	0.83962	0.543174	6.12323E-017
21	1	5	3	3	1	-18138.9	-806411	-9822.1	0.83962	0.543174	6.12323E-017
22	1	5	3	4	1	-21851	-800673	-9675.1	0.83962	0.543174	6.12323E-017
23	1	5	3	5	1	-20384.4	-802940	-9675.1	0.83962	0.543174	6.12323E-017
24	1	5	3	6	1	-18861	-805295	-9675.1	0.83962	0.543174	6.12323E-017
25	1	5	3	7	1	-17394.5	-807562	-9675.1	0.83962	0.543174	6.12323E-017
26	1	5	3	8	1	-21106.3	-801824	-7585.5	0.83962	0.543174	6.12323E-017
27	1	5	3	9	1	-19585.6	-804175	-7584.8	0.83962	0.543174	6.12323E-017
28	1	5	3	10	1	-18139.3	-806410	-7584.8	0.83962	0.543174	6.12323E-017
29	1	5	3	11	1	-21851	-800673	-6703.5	0.83962	0.543174	6.12323E-017
30	1	5	3	12	1	-20384.4	-802940	-6703.5	0.83962	0.543174	6.12323E-017
31	1	5	3	13	1	-18861.4	-805294	-6702.8	0.83962	0.543174	6.12323E-017
32	1	5	3	14	1	-17394.8	-807561	-6702.8	0.83962	0.543174	6.12323E-017
33	1	5	3	15	1	-21106.3	-801824	-5458.5	0.83962	0.543174	6.12323E-017
34	1	5	3	16	1	-19585.6	-804175	-5457.8	0.83962	0.543174	6.12323E-017
35	1	5	3	17	1	-18139.3	-806410	-5457.8	0.83962	0.543174	6.12323E-017
36	1	5	3	18	1	-21851	-800673	-3731.5	0.83962	0.543174	6.12323E-017
37	1	5	3	19	1	-20384.4	-802940	-3731.5	0.83962	0.543174	6.12323E-017
38	1	5	3	20	1	-18861.4	-805294	-3731.2	0.83962	0.543174	6.12323E-017
39	1	5	3	21	1	-17394.8	-807561	-3731.2	0.83962	0.543174	6.12323E-017
40	1	5	3	22	1	-21106.3	-801824	-2612.5	0.83962	0.543174	6.12323E-017
41	1	5	3	23	1	-19585.6	-804175	-2612.2	0.83962	0.543174	6.12323E-017
42	1	5	3	24	1	-18139.3	-806410	-2612.2	0.83962	0.543174	6.12323E-017
43	1	5	4	1	1	-16327.4	-808100	-9822.1	0.209844	0.977735	6.12323E-017
44	1	5	4	2	1	-15002.9	-808384	-9822.1	0.209619	0.977783	6.12323E-017
45	1	5	4	3	1	-16327.4	-808100	-7585.1	0.209393	0.977831	6.12323E-017
46	1	5	4	4	1	-15002.9	-808384	-7585.1	0.209619	0.977783	6.12323E-017
47	1	5	4	5	1	-16327.4	-808100	-5458.1	0.209393	0.977831	6.12323E-017
48	1	5	4	6	1	-15002.9	-808384	-5458.1	0.209619	0.977783	6.12323E-017
49	1	5	4	7	1	-16327.4	-808100	-2612.1	0.209393	0.977831	6.12323E-017
50	1	5	4	8	1	-15002.9	-808384	-2612.1	0.209619	0.977783	6.12323E-017
51	1	5	5	1	1	-12940.6	-807769	-9822.1	-0.543174	0.83962	6.12323E-017
52	1	5	5	2	1	-13808.9	-808330	-9675.1	-0.543174	0.83962	6.12323E-017
53	1	5	5	3	1	-11957.8	-807133	-9675.1	-0.543174	0.83962	6.12323E-017
54	1	5	5	4	1	-12940.7	-807768	-7585.1	-0.543174	0.83962	6.12323E-017
55	1	5	5	5	1	-13808.9	-808330	-6703.1	-0.543174	0.83962	6.12323E-017
56	1	5	5	6	1	-11957.8	-807133	-6703.1	-0.543174	0.83962	6.12323E-017
57	1	5	5	7	1	-12940.7	-807768	-5458.1	-0.543174	0.83962	6.12323E-017
58	1	5	5	8	1	-13808.9	-808330	-3731.1	-0.543174	0.83962	6.12323E-017
59	1	5	5	9	1	-11957.8	-807133	-3731.1	-0.543174	0.83962	6.12323E-017
60	1	5	5	10	1	-12940.7	-807768	-2612.1	-0.543174	0.83962	6.12323E-017
61	1	5	6	1	1	-11419.2	-806066	-9822.1	-0.977783	0.209619	6.12323E-017
62	1	5	6	2	1	-11135.4	-804741	-9822.1	-0.977783	0.209619	6.12323E-017
63	1	5	6	3	1	-11419.2	-806066	-7585.1	-0.977735	0.209844	6.12323E-017
64	1	5	6	4	1	-11135.4	-804741	-7585.1	-0.977783	0.209619	6.12323E-017
65	1	5	6	5	1	-11419.2	-806066	-5458.1	-0.977735	0.209844	6.12323E-017
66	1	5	6	6	1	-11135.4	-804741	-5458.1	-0.977783	0.209619	6.12323E-017
67	1	5	6	7	1	-11419.2	-806066	-2602.3	-0.977735	0.209844	6.12323E-017
68	1	5	6	8	1	-11135.4	-804741	-2612.1	-0.977783	0.209619	6.12323E-017
69	1	5	7	1	1	-11933.5	-802396	-9822.1	-0.83962	-0.543174	6.12323E-017
70	1	5	7	2	1	-13454.4	-800045	-9822.1	-0.83962	-0.543174	6.12323E-017
71	1	5	7	3	1	-14901.1	-797809	-9822.1	-0.83962	-0.543174	6.12323E-017
72	1	5	7	4	1	-11189	-803547	-9675.1	-0.83962	-0.543174	6.12323E-017
73	1	5	7	5	1	-12655.6	-801280	-9675.1	-0.83962	-0.543174	6.12323E-017
74	1	5	7	6	1	-14179	-798925	-9675.1	-0.83962	-0.543174	6.12323E-017
75	1	5	7	7	1	-15645.5	-796658	-9675.1	-0.83962	-0.543174	6.12323E-017
76	1	5	7	8	1	-11933.7	-802396	-7585.5	-0.83962	-0.543174	6.12323E-017
77	1	5	7	9	1	-13454.4	-800045	-7584.8	-0.83962	-0.543174	6.12323E-017
78	1	5	7	10	1	-14900.7	-797810	-7584.8	-0.83962	-0.543174	6.12323E-017
79	1	5	7	11	1	-11189	-803547	-6703.5	-0.83962	-0.543174	6.12323E-017
80	1	5	7	12	1	-12655.6	-801280	-6703.5	-0.83962	-0.543174	6.12323E-017
81	1	5	7	13	1	-14178.6	-798926	-6702.8	-0.83962	-0.543174	6.12323E-017
82	1	5	7	14	1	-15645.2	-796659	-6702.8	-0.83962	-0.543174	6.12323E-017
83	1	5	7	15	1	-11933.7	-802396	-5458.5	-0.83962	-0.543174	6.12323E-017
84	1	5	7	16	1	-13454.4	-800045	-5457.8	-0.83962	-0.543174	6.12323E-017
85	1	5	7	17	1	-14900.7	-797810	-5457.8	-0.83962	-0.543174	6.12323E-017
86	1	5	7	18	1	-11189	-803547	-3731.5	-0.83962	-0.543174	6.12323E-017
87	1	5	7	19	1	-12655.6	-801280	-3731.5	-0.83962	-0.543174	6.12323E-017
88	1	5	7	20	1	-14178.6	-798926	-3731.2	-0.83962	-0.543174	6.12323E-017
89	1	5	7	21	1	-15645.2	-796659	-3731.2	-0.83962	-0.543174	6.12323E-017
90	1	5	7	22	1	-11933.7	-802396	-2612.5	-0.83962	-0.543174	6.12323E-017
91	1	5	7	23	1	-13454.4	-800045	-2612.2	-0.83962	-0.543174	6.12323E-017
92	1	5	7	24	1	-14900.7	-797810	-2612.2	-0.83962	-0.543174	6.12323E-017
93	1	5	8	1	1	-16712.7	-796120	-9822.4	-0.209619	-0.977783	6.12323E-017
94	1	5	8	2	1	-18037.2	-795836	-9822.4	-0.209844	-0.977735	6.12323E-017
95	1	5	8	3	1	-16712.7	-796120	-7585.4	-0.209619	-0.977783	6.12323E-017
96	1	5	8	4	1	-18037.2	-795836	-7585.4	-0.209844	-0.977735	6.12323E-017
97	1	5	8	5	1	-16712.7	-796120	-5458.4	-0.209619	-0.977783	6.12323E-017
98	1	5	8	6	1	-18037.2	-795836	-5458.4	-0.209844	-0.977735	6.12323E-017
99	1	5	8	7	1	-16712.7	-796120	-2602.6	-0.209619	-0.977783	6.12323E-017
100	1	5	8	8	1	-18037.2	-795836	-2612.4	-0.209844	-0.977735	6.12323E-017
101	1	5	9	1	1	-20452.7	-797509	-10797.4	0	0	1
102	1	5	9	2	1	-21436.6	-798886	-10797.4	0	0	1
103	1	5	9	3	1	-21211.8	-800381	-10797.4	0	0	1
104	1	5	9	4	1	-19582.3	-802900	-10797.4	0	0	1
105	1	5	9	5	1	-18495.1	-804579	-10797.4	0	0	1
106	1	5	9	6	1	-16865.6	-807098	-10797.4	0	0	1
107	1	5	9	7	1	-15595.1	-807915	-10797.4	0	0	1
108	1	5	9	8	1	-13935.7	-807584	-10797.4	0	0	1
109	1	5	9	9	1	-12587.3	-806711	-10797.4	0	0	1
110	1	5	9	10	1	-11603.4	-805334	-10797.4	0	0	1
111	1	5	9	11	1	-11828.2	-803839	-10797.4	0	0	1
112	1	5	9	12	1	-13457.7	-801320	-10797.4	0	0	1
113	1	5	9	13	1	-14544.9	-799641	-10797.4	0	0	1
114	1	5	9	14	1	-16174.4	-797122	-10797.4	0	0	1
115	1	5	9	15	1	-17444.9	-796305	-10797.4	0	0	1
116	1	5	9	16	1	-19104.3	-796636	-10797.4	0	0	1
117	1	5	9	17	1	-17737.6	-801707	-10797.4	0	0	1
118	1	5	9	18	1	-16650.4	-803385	-10797.4	0	0	1
119	1	5	9	19	1	-15302.4	-802513	-10797.4	0	0	1
120	1	5	9	20	1	-16389.6	-800835	-10797.4	0	0	1
121	1	5	9	21	1	-16520	-802110	-10797.4	0	0	1
122	1	6	1	1	0	-20321	-796109	-10557.1	-0.543174	0.83962	6.12323E-017
123	1	6	1	2	0	-20321	-796109	-8458.1	-0.543174	0.83962	6.12323E-017
124	1	6	1	3	0	-20320.9	-796109	-6128.1	-0.543174	0.83962	6.12323E-017
125	1	6	1	4	0	-20320.9	-796109	-3156.1	-0.543174	0.83962	6.12323E-017
126	1	6	2	1	0	-22019.7	-798069	-10557.7	-0.977735	0.209844	6.12323E-017
127	1	6	2	2	0	-22303.7	-799393	-10557.7	-0.977783	0.209619	6.12323E-017
128	1	6	2	3	0	-22019.7	-798069	-8458.7	-0.977735	0.209844	6.12323E-017
129	1	6	2	4	0	-22303.7	-799393	-8458.7	-0.977783	0.209619	6.12323E-017
130	1	6	2	5	0	-22019.8	-798069	-6128.7	-0.977783	0.209619	6.12323E-017
131	1	6	2	6	0	-22303.7	-799393	-6128.7	-0.977783	0.209619	6.12323E-017
132	1	6	2	7	0	-22019.8	-798069	-3156.7	-0.977783	0.209619	6.12323E-017
133	1	6	2	8	0	-22303.7	-799393	-3156.7	-0.977783	0.209619	6.12323E-017
134	1	6	3	1	0	-21449.1	-802045	-10557.1	-0.83962	-0.543174	6.12323E-017
135	1	6	3	2	0	-19928.2	-804396	-10557.1	-0.83962	-0.543174	6.12323E-017
136	1	6	3	3	0	-18481.5	-806632	-10557.1	-0.83962	-0.543174	6.12323E-017
137	1	6	3	4	0	-21449.1	-802045	-8458.1	-0.83962	-0.543174	6.12323E-017
138	1	6	3	5	0	-19928.2	-804396	-8458.1	-0.83962	-0.543174	6.12323E-017
139	1	6	3	6	0	-18481.5	-806632	-8458.1	-0.83962	-0.543174	6.12323E-017
140	1	6	3	7	0	-21448.8	-802045	-6128.5	-0.83962	-0.543174	6.12323E-017
141	1	6	3	8	0	-19928.2	-804396	-6127.8	-0.83962	-0.543174	6.12323E-017
142	1	6	3	9	0	-18481.8	-806632	-6127.8	-0.83962	-0.543174	6.12323E-017
143	1	6	3	10	0	-21448.8	-802045	-3156.5	-0.83962	-0.543174	6.12323E-017
144	1	6	3	11	0	-19928.2	-804396	-3156.2	-0.83962	-0.543174	6.12323E-017
145	1	6	3	12	0	-18481.8	-806632	-3156.2	-0.83962	-0.543174	6.12323E-017
146	1	6	4	1	0	-16412.9	-808499	-10557.1	-0.209619	-0.977783	6.12323E-017
147	1	6	4	2	0	-15088.3	-808783	-10557.1	-0.209619	-0.977783	6.12323E-017
148	1	6	4	3	0	-16412.9	-808499	-8458.1	-0.209619	-0.977783	6.12323E-017
149	1	6	4	4	0	-15088.3	-808783	-8458.1	-0.209619	-0.977783	6.12323E-017
150	1	6	4	5	0	-16412.9	-808499	-6128.1	-0.209619	-0.977783	6.12323E-017
151	1	6	4	6	0	-15088.3	-808783	-6128.1	-0.209619	-0.977783	6.12323E-017
152	1	6	4	7	0	-16412.9	-808499	-3156.1	-0.209619	-0.977783	6.12323E-017
153	1	6	4	8	0	-15088.3	-808783	-3156.1	-0.209619	-0.977783	6.12323E-017
154	1	6	5	1	0	-12719	-808111	-10557.1	0.543174	-0.83962	6.12323E-017
155	1	6	5	2	0	-12719	-808111	-8458.1	0.543174	-0.83962	6.12323E-017
156	1	6	5	3	0	-12719.1	-808111	-6128.1	0.543174	-0.83962	6.12323E-017
157	1	6	5	4	0	-12719.1	-808111	-3156.1	0.543174	-0.83962	6.12323E-017
158	1	6	6	1	0	-11020.3	-806151	-10557.1	0.977735	-0.209844	6.12323E-017
159	1	6	6	2	0	-10736.3	-804827	-10557.1	0.977783	-0.209619	6.12323E-017
160	1	6	6	3	0	-11020.3	-806151	-8458.1	0.977735	-0.209844	6.12323E-017
161	1	6	6	4	0	-10736.3	-804827	-8458.1	0.977783	-0.209619	6.12323E-017
162	1	6	6	5	0	-11020.2	-806151	-6128.1	0.977783	-0.209619	6.12323E-017
163	1	6	6	6	0	-10736.3	-804827	-6128.1	0.977783	-0.209619	6.12323E-017
164	1	6	6	7	0	-11020.2	-806151	-3156.1	0.977783	-0.209619	6.12323E-017
165	1	6	6	8	0	-10736.3	-804827	-3156.1	0.977783	-0.209619	6.12323E-017
166	1	6	7	1	0	-11590.9	-802175	-10557.1	0.83962	0.543174	6.12323E-017
167	1	6	7	2	0	-13111.8	-799824	-10557.1	0.83962	0.543174	6.12323E-017
168	1	6	7	3	0	-14558.5	-797588	-10557.1	0.83962	0.543174	6.12323E-017
169	1	6	7	4	0	-11590.9	-802175	-8458.1	0.83962	0.543174	6.12323E-017
170	1	6	7	5	0	-13111.8	-799824	-8458.1	0.83962	0.543174	6.12323E-017
171	1	6	7	6	0	-14558.5	-797588	-8458.1	0.83962	0.543174	6.12323E-017
172	1	6	7	7	0	-11591.2	-802175	-6128.5	0.83962	0.543174	6.12323E-017
173	1	6	7	8	0	-13111.8	-799824	-6127.8	0.83962	0.543174	6.12323E-017
174	1	6	7	9	0	-14558.2	-797588	-6127.8	0.83962	0.543174	6.12323E-017
175	1	6	7	10	0	-11591.2	-802175	-3156.5	0.83962	0.543174	6.12323E-017
176	1	6	7	11	0	-13111.8	-799824	-3156.2	0.83962	0.543174	6.12323E-017
177	1	6	7	12	0	-14558.2	-797588	-3156.2	0.83962	0.543174	6.12323E-017
178	1	6	8	1	0	-16627.2	-795721	-10557.4	0.209393	0.977831	6.12323E-017
179	1	6	8	2	0	-17951.7	-795437	-10557.4	0.209619	0.977783	6.12323E-017
180	1	6	8	3	0	-16627.2	-795721	-8458.4	0.209393	0.977831	6.12323E-017
181	1	6	8	4	0	-17951.7	-795437	-8458.4	0.209619	0.977783	6.12323E-017
182	1	6	8	5	0	-16627.1	-795721	-6128.4	0.209619	0.977783	6.12323E-017
183	1	6	8	6	0	-17951.7	-795437	-6128.4	0.209619	0.977783	6.12323E-017
184	1	6	8	7	0	-16627.1	-795721	-3156.4	0.209619	0.977783	6.12323E-017
185	1	6	8	8	0	-17951.7	-795437	-3156.4	0.209619	0.977783	6.12323E-017
186	1	6	1	1	1	-19774.3	-795050	-11557.1	0.543174	-0.83962	6.12323E-017
187	1	6	1	2	1	-21625.4	-796248	-11557.1	0.543174	-0.83962	6.12323E-017
188	1	6	1	3	1	-19774.3	-795050	-8975.1	0.543174	-0.83962	6.12323E-017
189	1	6	1	4	1	-21625.4	-796248	-8975.1	0.543174	-0.83962	6.12323E-017
190	1	6	1	5	1	-19774.3	-795050	-6003.1	0.543174	-0.83962	6.12323E-017
191	1	6	1	6	1	-21625.4	-796248	-6003.1	0.543174	-0.83962	6.12323E-017
192	1	6	1	7	1	-19774.3	-795050	-3031.1	0.543174	-0.83962	6.12323E-017
193	1	6	1	8	1	-21625.4	-796248	-3031.1	0.543174	-0.83962	6.12323E-017
194	1	6	2	1	1	-22509.4	-797529	-11557.7	0.977783	-0.209619	6.12323E-017
195	1	6	2	2	1	-22971.6	-799684	-11557.7	0.977783	-0.209619	6.12323E-017
196	1	6	2	3	1	-22509.4	-797529	-8975.7	0.977783	-0.209619	6.12323E-017
197	1	6	2	4	1	-22971.6	-799684	-8975.7	0.977783	-0.209619	6.12323E-017
198	1	6	2	5	1	-22509.4	-797529	-6003.7	0.977783	-0.209619	6.12323E-017
199	1	6	2	6	1	-22971.6	-799684	-6003.7	0.977783	-0.209619	6.12323E-017
200	1	6	2	7	1	-22509.4	-797529	-3031.7	0.977783	-0.209619	6.12323E-017
201	1	6	2	8	1	-22971.6	-799684	-3031.7	0.977783	-0.209619	6.12323E-017
202	1	6	3	1	1	-22690.6	-801216	-11557.1	0.83962	0.543174	6.12323E-017
203	1	6	3	2	1	-21224	-803483	-11557.1	0.83962	0.543174	6.12323E-017
204	1	6	3	3	1	-19700.7	-805838	-11557.1	0.83962	0.543174	6.12323E-017
205	1	6	3	4	1	-18234.1	-808105	-11557.1	0.83962	0.543174	6.12323E-017
206	1	6	3	5	1	-22690.6	-801216	-8975.1	0.83962	0.543174	6.12323E-017
207	1	6	3	6	1	-21224	-803483	-8975.1	0.83962	0.543174	6.12323E-017
208	1	6	3	7	1	-19700.7	-805838	-8975.1	0.83962	0.543174	6.12323E-017
209	1	6	3	8	1	-18234.1	-808105	-8975.1	0.83962	0.543174	6.12323E-017
210	1	6	3	9	1	-22690.6	-801216	-6003.5	0.83962	0.543174	6.12323E-017
211	1	6	3	10	1	-21224	-803483	-6003.5	0.83962	0.543174	6.12323E-017
212	1	6	3	11	1	-19701.2	-805837	-6002.8	0.83962	0.543174	6.12323E-017
213	1	6	3	12	1	-18234.6	-808104	-6002.8	0.83962	0.543174	6.12323E-017
214	1	6	3	13	1	-22690.6	-801216	-3031.5	0.83962	0.543174	6.12323E-017
215	1	6	3	14	1	-21224	-803483	-3031.5	0.83962	0.543174	6.12323E-017
216	1	6	3	15	1	-19701.2	-805837	-3031.2	0.83962	0.543174	6.12323E-017
217	1	6	3	16	1	-18234.6	-808104	-3031.2	0.83962	0.543174	6.12323E-017
218	1	6	4	1	1	-16952.5	-808989	-11557.1	0.209619	0.977783	6.12323E-017
219	1	6	4	2	1	-14797	-809451	-11557.1	0.209393	0.977831	6.12323E-017
220	1	6	4	3	1	-16952.5	-808989	-8975.1	0.209619	0.977783	6.12323E-017
221	1	6	4	4	1	-14797	-809451	-8975.1	0.209393	0.977831	6.12323E-017
222	1	6	4	5	1	-16952.5	-808989	-6003.1	0.209619	0.977783	6.12323E-017
223	1	6	4	6	1	-14797	-809451	-6003.1	0.209393	0.977831	6.12323E-017
224	1	6	4	7	1	-16952.5	-808989	-3031.1	0.209619	0.977783	6.12323E-017
225	1	6	4	8	1	-14797	-809451	-3031.1	0.209393	0.977831	6.12323E-017
226	1	6	5	1	1	-13265.7	-809170	-11557.1	-0.543174	0.83962	6.12323E-017
227	1	6	5	2	1	-11414.6	-807972	-11557.1	-0.543174	0.83962	6.12323E-017
228	1	6	5	3	1	-13265.7	-809170	-8975.1	-0.543174	0.83962	6.12323E-017
229	1	6	5	4	1	-11414.6	-807972	-8975.1	-0.543174	0.83962	6.12323E-017
230	1	6	5	5	1	-13265.7	-809170	-6003.1	-0.543174	0.83962	6.12323E-017
231	1	6	5	6	1	-11414.6	-807972	-6003.1	-0.543174	0.83962	6.12323E-017
232	1	6	5	7	1	-13265.7	-809170	-3031.1	-0.543174	0.83962	6.12323E-017
233	1	6	5	8	1	-11414.6	-807972	-3031.1	-0.543174	0.83962	6.12323E-017
234	1	6	6	1	1	-10530.5	-806691	-11557.1	-0.977783	0.209619	6.12323E-017
235	1	6	6	2	1	-10068.4	-804535	-11557.1	-0.977831	0.209393	6.12323E-017
236	1	6	6	3	1	-10530.5	-806691	-8975.1	-0.977783	0.209619	6.12323E-017
237	1	6	6	4	1	-10068.4	-804535	-8975.1	-0.977831	0.209393	6.12323E-017
238	1	6	6	5	1	-10530.5	-806691	-6003.1	-0.977783	0.209619	6.12323E-017
239	1	6	6	6	1	-10068.4	-804535	-6003.1	-0.977831	0.209393	6.12323E-017
240	1	6	6	7	1	-10530.5	-806691	-3021.3	-0.977783	0.209619	6.12323E-017
241	1	6	6	8	1	-10068.4	-804535	-3031.1	-0.977831	0.209393	6.12323E-017
242	1	6	7	1	1	-10349.4	-803004	-11557.1	-0.83962	-0.543174	6.12323E-017
243	1	6	7	2	1	-11816	-800737	-11557.1	-0.83962	-0.543174	6.12323E-017
244	1	6	7	3	1	-13339.3	-798382	-11557.1	-0.83962	-0.543174	6.12323E-017
245	1	6	7	4	1	-14805.9	-796115	-11557.1	-0.83962	-0.543174	6.12323E-017
246	1	6	7	5	1	-10349.4	-803004	-8975.1	-0.83962	-0.543174	6.12323E-017
247	1	6	7	6	1	-11816	-800737	-8975.1	-0.83962	-0.543174	6.12323E-017
248	1	6	7	7	1	-13339.3	-798382	-8975.1	-0.83962	-0.543174	6.12323E-017
249	1	6	7	8	1	-14805.9	-796115	-8975.1	-0.83962	-0.543174	6.12323E-017
250	1	6	7	9	1	-10349.4	-803004	-6003.5	-0.83962	-0.543174	6.12323E-017
251	1	6	7	10	1	-11816	-800737	-6003.5	-0.83962	-0.543174	6.12323E-017
252	1	6	7	11	1	-13338.8	-798383	-6002.8	-0.83962	-0.543174	6.12323E-017
253	1	6	7	12	1	-14805.4	-796116	-6002.8	-0.83962	-0.543174	6.12323E-017
254	1	6	7	13	1	-10349.4	-803004	-3031.5	-0.83962	-0.543174	6.12323E-017
255	1	6	7	14	1	-11816	-800737	-3031.5	-0.83962	-0.543174	6.12323E-017
256	1	6	7	15	1	-13338.8	-798383	-3031.2	-0.83962	-0.543174	6.12323E-017
257	1	6	7	16	1	-14805.4	-796116	-3031.2	-0.83962	-0.543174	6.12323E-017
258	1	6	8	1	1	-16087.7	-795231	-11557.4	-0.209619	-0.977783	6.12323E-017
259	1	6	8	2	1	-18243.1	-794769	-11557.4	-0.209619	-0.977783	6.12323E-017
260	1	6	8	3	1	-16087.7	-795231	-8975.4	-0.209619	-0.977783	6.12323E-017
261	1	6	8	4	1	-18243.1	-794769	-8975.4	-0.209619	-0.977783	6.12323E-017
262	1	6	8	5	1	-16087.7	-795231	-6003.4	-0.209619	-0.977783	6.12323E-017
263	1	6	8	6	1	-18243.1	-794769	-6003.4	-0.209619	-0.977783	6.12323E-017
264	1	6	8	7	1	-16087.7	-795231	-3021.6	-0.209619	-0.977783	6.12323E-017
265	1	6	8	8	1	-18243.1	-794769	-3031.4	-0.209619	-0.977783	6.12323E-017
266	1	6	9	1	1	-20499.6	-795996	-11719.7	0	0	1
267	1	6	9	2	1	-22107.8	-797566	-11720.3	0	0	1
268	1	6	9	3	1	-22589.8	-799815	-11720.3	0	0	1
269	1	6	9	4	1	-21782.8	-801882	-11719.7	0	0	1
270	1	6	9	5	1	-20114.7	-804460	-11719.7	0	0	1
271	1	6	9	6	1	-18469.5	-807004	-11719.7	0	0	1
272	1	6	9	7	1	-16915.1	-808587	-11719.7	0	0	1
273	1	6	9	8	1	-14666.5	-809069	-11719.7	0	0	1
274	1	6	9	9	1	-12540.4	-808224	-11719.7	0	0	1
275	1	6	9	10	1	-10932.3	-806654	-11719.7	0	0	1
276	1	6	9	11	1	-10450.1	-804405	-11719.7	0	0	1
277	1	6	9	12	1	-11257.2	-802338	-11719.7	0	0	1
278	1	6	9	13	1	-12925.3	-799760	-11719.7	0	0	1
279	1	6	9	14	1	-14570.5	-797216	-11719.7	0	0	1
280	1	6	9	15	1	-16124.8	-795633	-11720	0	0	1
281	1	6	9	16	1	-18373.7	-795151	-11720	0	0	1
282	1	6	9	17	1	-18150.1	-799591	-11719.7	0	0	1
283	1	6	9	18	1	-18525.1	-802693	-11719.7	0	0	1
284	1	6	9	19	1	-17873.3	-803700	-11719.7	0	0	1
285	1	6	9	20	1	-14889.9	-804629	-11719.7	0	0	1
286	1	6	9	21	1	-14514.9	-801527	-11719.7	0	0	1
287	1	6	9	22	1	-15166.7	-800520	-11719.7	0	0	1
288	1	6	9	23	1	-16519.4	-802110	-11719.7	0	0	1
289	2	5	1	1	1	472939	56550.1	-6442.1	-0.17863	0.983916	6.12323E-017
290	2	5	1	2	1	471921	56365.3	-6295.1	-0.17863	0.983916	6.12323E-017
291	2	5	1	3	1	474090	56759.2	-6295.1	-0.17863	0.983916	6.12323E-017
292	2	5	1	4	1	472939	56550.4	-4205.1	-0.17863	0.983916	6.12323E-017
293	2	5	1	5	1	471921	56365.3	-3323.1	-0.17863	0.983916	6.12323E-017
294	2	5	1	6	1	474090	56759.2	-3323.1	-0.17863	0.983916	6.12323E-017
295	2	5	1	7	1	472939	56550.4	-2078.1	-0.17863	0.983916	6.12323E-017
296	2	5	1	8	1	471921	56365.3	-351.1	-0.17863	0.983916	6.12323E-017
297	2	5	1	9	1	474090	56759.2	-351.1	-0.17863	0.983916	6.12323E-017
298	2	5	1	10	1	472939	56550.4	767.9	-0.17863	0.983916	6.12323E-017
299	2	5	2	1	1	474998	57537.2	-6442.7	-0.822045	0.569423	6.12323E-017
300	2	5	2	2	1	475769	58650.8	-6442.7	-0.822045	0.569423	6.12323E-017
301	2	5	2	3	1	474998	57537.1	-4205.7	-0.821913	0.569612	6.12323E-017
302	2	5	2	4	1	475769	58650.8	-4205.7	-0.822045	0.569423	6.12323E-017
303	2	5	2	5	1	474998	57537.1	-2078.7	-0.821913	0.569612	6.12323E-017
304	2	5	2	6	1	475769	58650.8	-2078.7	-0.822045	0.569423	6.12323E-017
305	2	5	2	7	1	474998	57537.1	767.3	-0.821913	0.569612	6.12323E-017
306	2	5	2	8	1	475769	58650.8	767.3	-0.822045	0.569423	6.12323E-017
307	2	5	3	1	1	475934	61122.3	-6442.1	-0.983916	-0.17863	6.12323E-017
308	2	5	3	2	1	475434	63877.3	-6442.1	-0.983916	-0.17863	6.12323E-017
309	2	5	3	3	1	474958	66497.9	-6442.1	-0.983916	-0.17863	6.12323E-017
310	2	5	3	4	1	476179	59773.8	-6295.1	-0.983916	-0.17863	6.12323E-017
311	2	5	3	5	1	475696	62430.4	-6295.1	-0.983916	-0.17863	6.12323E-017
312	2	5	3	6	1	475195	65189.9	-6295.1	-0.983916	-0.17863	6.12323E-017
313	2	5	3	7	1	474713	67846.4	-6295.1	-0.983916	-0.17863	6.12323E-017
314	2	5	3	8	1	475934	61122.3	-4205.5	-0.983916	-0.17863	6.12323E-017
315	2	5	3	9	1	475434	63877.3	-4204.8	-0.983916	-0.17863	6.12323E-017
316	2	5	3	10	1	474958	66497.3	-4204.8	-0.983916	-0.17863	6.12323E-017
317	2	5	3	11	1	476179	59773.8	-3323.5	-0.983916	-0.17863	6.12323E-017
318	2	5	3	12	1	475696	62430.4	-3323.5	-0.983916	-0.17863	6.12323E-017
319	2	5	3	13	1	475196	65189.3	-3322.8	-0.983916	-0.17863	6.12323E-017
320	2	5	3	14	1	474713	67845.8	-3322.8	-0.983916	-0.17863	6.12323E-017
321	2	5	3	15	1	475934	61122.3	-2078.5	-0.983916	-0.17863	6.12323E-017
322	2	5	3	16	1	475434	63877.3	-2077.8	-0.983916	-0.17863	6.12323E-017
323	2	5	3	17	1	474958	66497.3	-2077.8	-0.983916	-0.17863	6.12323E-017
324	2	5	3	18	1	476179	59773.8	-351.5	-0.983916	-0.17863	6.12323E-017
325	2	5	3	19	1	475696	62430.4	-351.5	-0.983916	-0.17863	6.12323E-017
326	2	5	3	20	1	475196	65189.3	-351.2	-0.983916	-0.17863	6.12323E-017
327	2	5	3	21	1	474713	67845.8	-351.2	-0.983916	-0.17863	6.12323E-017
328	2	5	3	22	1	475934	61122.3	767.5	-0.983916	-0.17863	6.12323E-017
329	2	5	3	23	1	475434	63877.3	767.8	-0.983916	-0.17863	6.12323E-017
330	2	5	3	24	1	474958	66497.3	767.8	-0.983916	-0.17863	6.12323E-017
331	2	5	4	1	1	473935	68753.9	-6442.1	-0.569612	-0.821913	6.12323E-017
332	2	5	4	2	1	472822	69525.1	-6442.1	-0.569423	-0.822045	6.12323E-017
333	2	5	4	3	1	473935	68753.9	-4205.1	-0.569234	-0.822176	6.12323E-017
334	2	5	4	4	1	472822	69525.1	-4205.1	-0.569423	-0.822045	6.12323E-017
335	2	5	4	5	1	473935	68753.9	-2078.1	-0.569234	-0.822176	6.12323E-017
336	2	5	4	6	1	472822	69525.1	-2078.1	-0.569423	-0.822045	6.12323E-017
337	2	5	4	7	1	473935	68753.9	767.9	-0.569234	-0.822176	6.12323E-017
338	2	5	4	8	1	472822	69525.1	767.9	-0.569423	-0.822045	6.12323E-017
339	2	5	5	1	1	470681	69749.9	-6442.1	0.17863	-0.983916	6.12323E-017
340	2	5	5	2	1	471699	69934.7	-6295.1	0.17863	-0.983916	6.12323E-017
341	2	5	5	3	1	469530	69540.8	-6295.1	0.17863	-0.983916	6.12323E-017
342	2	5	5	4	1	470681	69749.6	-4205.1	0.17863	-0.983916	6.12323E-017
343	2	5	5	5	1	471699	69934.7	-3323.1	0.17863	-0.983916	6.12323E-017
344	2	5	5	6	1	469530	69540.8	-3323.1	0.17863	-0.983916	6.12323E-017
345	2	5	5	7	1	470681	69749.6	-2078.1	0.17863	-0.983916	6.12323E-017
346	2	5	5	8	1	471699	69934.7	-351.1	0.17863	-0.983916	6.12323E-017
347	2	5	5	9	1	469530	69540.8	-351.1	0.17863	-0.983916	6.12323E-017
348	2	5	5	10	1	470681	69749.6	767.9	0.17863	-0.983916	6.12323E-017
349	2	5	6	1	1	468622	68762.8	-6442.1	0.822045	-0.569423	6.12323E-017
350	2	5	6	2	1	467851	67649.2	-6442.1	0.822045	-0.569423	6.12323E-017
351	2	5	6	3	1	468622	68762.9	-4205.1	0.821913	-0.569612	6.12323E-017
352	2	5	6	4	1	467851	67649.2	-4205.1	0.822045	-0.569423	6.12323E-017
353	2	5	6	5	1	468622	68762.9	-2078.1	0.821913	-0.569612	6.12323E-017
354	2	5	6	6	1	467851	67649.2	-2078.1	0.822045	-0.569423	6.12323E-017
355	2	5	6	7	1	468622	68762.9	777.7	0.821913	-0.569612	6.12323E-017
356	2	5	6	8	1	467851	67649.2	767.9	0.822045	-0.569423	6.12323E-017
357	2	5	7	1	1	467686	65177.7	-6442.1	0.983916	0.17863	6.12323E-017
358	2	5	7	2	1	468186	62422.7	-6442.1	0.983916	0.17863	6.12323E-017
359	2	5	7	3	1	468662	59802.1	-6442.1	0.983916	0.17863	6.12323E-017
360	2	5	7	4	1	467441	66526.2	-6295.1	0.983916	0.17863	6.12323E-017
361	2	5	7	5	1	467924	63869.6	-6295.1	0.983916	0.17863	6.12323E-017
362	2	5	7	6	1	468425	61110.1	-6295.1	0.983916	0.17863	6.12323E-017
363	2	5	7	7	1	468907	58453.6	-6295.1	0.983916	0.17863	6.12323E-017
364	2	5	7	8	1	467686	65177.7	-4205.5	0.983916	0.17863	6.12323E-017
365	2	5	7	9	1	468186	62422.7	-4204.8	0.983916	0.17863	6.12323E-017
366	2	5	7	10	1	468662	59802.7	-4204.8	0.983916	0.17863	6.12323E-017
367	2	5	7	11	1	467441	66526.2	-3323.5	0.983916	0.17863	6.12323E-017
368	2	5	7	12	1	467924	63869.6	-3323.5	0.983916	0.17863	6.12323E-017
369	2	5	7	13	1	468424	61110.7	-3322.8	0.983916	0.17863	6.12323E-017
370	2	5	7	14	1	468907	58454.2	-3322.8	0.983916	0.17863	6.12323E-017
371	2	5	7	15	1	467686	65177.7	-2078.5	0.983916	0.17863	6.12323E-017
372	2	5	7	16	1	468186	62422.7	-2077.8	0.983916	0.17863	6.12323E-017
373	2	5	7	17	1	468662	59802.7	-2077.8	0.983916	0.17863	6.12323E-017
374	2	5	7	18	1	467441	66526.2	-351.5	0.983916	0.17863	6.12323E-017
375	2	5	7	19	1	467924	63869.6	-351.5	0.983916	0.17863	6.12323E-017
376	2	5	7	20	1	468424	61110.7	-351.2	0.983916	0.17863	6.12323E-017
377	2	5	7	21	1	468907	58454.2	-351.2	0.983916	0.17863	6.12323E-017
378	2	5	7	22	1	467686	65177.7	767.5	0.983916	0.17863	6.12323E-017
379	2	5	7	23	1	468186	62422.7	767.8	0.983916	0.17863	6.12323E-017
380	2	5	7	24	1	468662	59802.7	767.8	0.983916	0.17863	6.12323E-017
381	2	5	8	1	1	469685	57546.2	-6442.4	0.569423	0.822045	6.12323E-017
382	2	5	8	2	1	470798	56774.8	-6442.4	0.569612	0.821913	6.12323E-017
383	2	5	8	3	1	469685	57546.2	-4205.4	0.569423	0.822045	6.12323E-017
384	2	5	8	4	1	470798	56774.8	-4205.4	0.569612	0.821913	6.12323E-017
385	2	5	8	5	1	469685	57546.2	-2078.4	0.569423	0.822045	6.12323E-017
386	2	5	8	6	1	470798	56774.8	-2078.4	0.569612	0.821913	6.12323E-017
387	2	5	8	7	1	469685	57546.2	777.4	0.569423	0.822045	6.12323E-017
388	2	5	8	8	1	470798	56774.8	767.6	0.569612	0.821913	6.12323E-017
389	2	5	9	1	1	473671	57390.4	-7417.4	0	0	1
390	2	5	9	2	1	475109	58284	-7417.4	0	0	1
391	2	5	9	3	1	475476	59749.9	-7417.4	0	0	1
392	2	5	9	4	1	474941	62701.7	-7417.4	0	0	1
393	2	5	9	5	1	474583	64670	-7417.4	0	0	1
394	2	5	9	6	1	474047	67621.8	-7417.4	0	0	1
395	2	5	9	7	1	473188	68864.3	-7417.4	0	0	1
396	2	5	9	8	1	471529	69196.5	-7417.4	0	0	1
397	2	5	9	9	1	469949	68909.6	-7417.4	0	0	1
398	2	5	9	10	1	468511	68016	-7417.4	0	0	1
399	2	5	9	11	1	468144	66550	-7417.4	0	0	1
400	2	5	9	12	1	468679	63598.3	-7417.4	0	0	1
401	2	5	9	13	1	469037	61630	-7417.4	0	0	1
402	2	5	9	14	1	469573	58678.2	-7417.4	0	0	1
403	2	5	9	15	1	470432	57435.7	-7417.4	0	0	1
404	2	5	9	16	1	472091	57103.5	-7417.4	0	0	1
405	2	5	9	17	1	472779	62309.7	-7417.4	0	0	1
406	2	5	9	18	1	472421	64277.1	-7417.4	0	0	1
407	2	5	9	19	1	470841	63990.3	-7417.4	0	0	1
408	2	5	9	20	1	471199	62022.9	-7417.4	0	0	1
409	2	5	9	21	1	471810	63150	-7417.4	0	0	1
410	2	6	1	1	0	473012	56148.6	-7177.1	0.17863	-0.983916	6.12323E-017
411	2	6	1	2	0	473012	56148.6	-5078.1	0.17863	-0.983916	6.12323E-017
412	2	6	1	3	0	473012	56148.9	-2748.1	0.17863	-0.983916	6.12323E-017
413	2	6	1	4	0	473012	56148.9	223.9	0.17863	-0.983916	6.12323E-017
414	2	6	2	1	0	475333	57304.9	-7177.7	0.821913	-0.569612	6.12323E-017
415	2	6	2	2	0	476105	58418.4	-7177.7	0.822045	-0.569423	6.12323E-017
416	2	6	2	3	0	475333	57304.9	-5078.7	0.821913	-0.569612	6.12323E-017
417	2	6	2	4	0	476105	58418.4	-5078.7	0.822045	-0.569423	6.12323E-017
418	2	6	2	5	0	475333	57304.8	-2748.7	0.822045	-0.569423	6.12323E-017
419	2	6	2	6	0	476105	58418.4	-2748.7	0.822045	-0.569423	6.12323E-017
420	2	6	2	7	0	475333	57304.8	223.3	0.822045	-0.569423	6.12323E-017
421	2	6	2	8	0	476105	58418.4	223.3	0.822045	-0.569423	6.12323E-017
422	2	6	3	1	0	476335	61195.2	-7177.1	0.983916	0.17863	6.12323E-017
423	2	6	3	2	0	475835	63950.2	-7177.1	0.983916	0.17863	6.12323E-017
424	2	6	3	3	0	475359	66570.8	-7177.1	0.983916	0.17863	6.12323E-017
425	2	6	3	4	0	476335	61195.2	-5078.1	0.983916	0.17863	6.12323E-017
426	2	6	3	5	0	475835	63950.2	-5078.1	0.983916	0.17863	6.12323E-017
427	2	6	3	6	0	475359	66570.8	-5078.1	0.983916	0.17863	6.12323E-017
428	2	6	3	7	0	476335	61195.2	-2748.5	0.983916	0.17863	6.12323E-017
429	2	6	3	8	0	475835	63950.2	-2747.8	0.983916	0.17863	6.12323E-017
430	2	6	3	9	0	475360	66570.2	-2747.8	0.983916	0.17863	6.12323E-017
431	2	6	3	10	0	476335	61195.2	223.5	0.983916	0.17863	6.12323E-017
432	2	6	3	11	0	475835	63950.2	223.8	0.983916	0.17863	6.12323E-017
433	2	6	3	12	0	475360	66570.2	223.8	0.983916	0.17863	6.12323E-017
434	2	6	4	1	0	474168	69089.2	-7177.1	0.569423	0.822045	6.12323E-017
435	2	6	4	2	0	473054	69860.6	-7177.1	0.569423	0.822045	6.12323E-017
436	2	6	4	3	0	474168	69089.2	-5078.1	0.569423	0.822045	6.12323E-017
437	2	6	4	4	0	473054	69860.6	-5078.1	0.569423	0.822045	6.12323E-017
438	2	6	4	5	0	474168	69089.2	-2748.1	0.569423	0.822045	6.12323E-017
439	2	6	4	6	0	473054	69860.6	-2748.1	0.569423	0.822045	6.12323E-017
440	2	6	4	7	0	474168	69089.2	223.9	0.569423	0.822045	6.12323E-017
441	2	6	4	8	0	473054	69860.6	223.9	0.569423	0.822045	6.12323E-017
442	2	6	5	1	0	470608	70151.4	-7177.1	-0.17863	0.983916	6.12323E-017
443	2	6	5	2	0	470608	70151.4	-5078.1	-0.17863	0.983916	6.12323E-017
444	2	6	5	3	0	470608	70151.1	-2748.1	-0.17863	0.983916	6.12323E-017
445	2	6	5	4	0	470608	70151.1	223.9	-0.17863	0.983916	6.12323E-017
446	2	6	6	1	0	468287	68995.1	-7177.1	-0.821913	0.569612	6.12323E-017
447	2	6	6	2	0	467515	67881.6	-7177.1	-0.822045	0.569423	6.12323E-017
448	2	6	6	3	0	468287	68995.1	-5078.1	-0.821913	0.569612	6.12323E-017
449	2	6	6	4	0	467515	67881.6	-5078.1	-0.822045	0.569423	6.12323E-017
450	2	6	6	5	0	468287	68995.2	-2748.1	-0.822045	0.569423	6.12323E-017
451	2	6	6	6	0	467515	67881.6	-2748.1	-0.822045	0.569423	6.12323E-017
452	2	6	6	7	0	468287	68995.2	223.9	-0.822045	0.569423	6.12323E-017
453	2	6	6	8	0	467515	67881.6	223.9	-0.822045	0.569423	6.12323E-017
454	2	6	7	1	0	467285	65104.8	-7177.1	-0.983916	-0.17863	6.12323E-017
455	2	6	7	2	0	467785	62349.8	-7177.1	-0.983916	-0.17863	6.12323E-017
456	2	6	7	3	0	468261	59729.2	-7177.1	-0.983916	-0.17863	6.12323E-017
457	2	6	7	4	0	467285	65104.8	-5078.1	-0.983916	-0.17863	6.12323E-017
458	2	6	7	5	0	467785	62349.8	-5078.1	-0.983916	-0.17863	6.12323E-017
459	2	6	7	6	0	468261	59729.2	-5078.1	-0.983916	-0.17863	6.12323E-017
460	2	6	7	7	0	467285	65104.8	-2748.5	-0.983916	-0.17863	6.12323E-017
461	2	6	7	8	0	467785	62349.8	-2747.8	-0.983916	-0.17863	6.12323E-017
462	2	6	7	9	0	468260	59729.8	-2747.8	-0.983916	-0.17863	6.12323E-017
463	2	6	7	10	0	467285	65104.8	223.5	-0.983916	-0.17863	6.12323E-017
464	2	6	7	11	0	467785	62349.8	223.8	-0.983916	-0.17863	6.12323E-017
465	2	6	7	12	0	468260	59729.8	223.8	-0.983916	-0.17863	6.12323E-017
466	2	6	8	1	0	469453	57210.8	-7177.4	-0.569234	-0.822176	6.12323E-017
467	2	6	8	2	0	470566	56439.4	-7177.4	-0.569423	-0.822045	6.12323E-017
468	2	6	8	3	0	469453	57210.8	-5078.4	-0.569234	-0.822176	6.12323E-017
469	2	6	8	4	0	470566	56439.4	-5078.4	-0.569423	-0.822045	6.12323E-017
470	2	6	8	5	0	469452	57210.8	-2748.4	-0.569423	-0.822045	6.12323E-017
471	2	6	8	6	0	470566	56439.4	-2748.4	-0.569423	-0.822045	6.12323E-017
472	2	6	8	7	0	469452	57210.8	223.6	-0.569423	-0.822045	6.12323E-017
473	2	6	8	8	0	470566	56439.4	223.6	-0.569423	-0.822045	6.12323E-017
474	2	6	1	1	1	472100	55381.4	-8177.1	-0.17863	0.983916	6.12323E-017
475	2	6	1	2	1	474269	55775.3	-8177.1	-0.17863	0.983916	6.12323E-017
476	2	6	1	3	1	472100	55381.4	-5595.1	-0.17863	0.983916	6.12323E-017
477	2	6	1	4	1	474269	55775.3	-5595.1	-0.17863	0.983916	6.12323E-017
478	2	6	1	5	1	472100	55381.4	-2623.1	-0.17863	0.983916	6.12323E-017
479	2	6	1	6	1	474269	55775.3	-2623.1	-0.17863	0.983916	6.12323E-017
480	2	6	1	7	1	472100	55381.4	348.9	-0.17863	0.983916	6.12323E-017
481	2	6	1	8	1	474269	55775.3	348.9	-0.17863	0.983916	6.12323E-017
482	2	6	2	1	1	475578	56618.5	-8177.7	-0.822045	0.569423	6.12323E-017
483	2	6	2	2	1	476833	58430.6	-8177.7	-0.822045	0.569423	6.12323E-017
484	2	6	2	3	1	475578	56618.5	-5595.7	-0.822045	0.569423	6.12323E-017
485	2	6	2	4	1	476833	58430.6	-5595.7	-0.822045	0.569423	6.12323E-017
486	2	6	2	5	1	475578	56618.5	-2623.7	-0.822045	0.569423	6.12323E-017
487	2	6	2	6	1	476833	58430.6	-2623.7	-0.822045	0.569423	6.12323E-017
488	2	6	2	7	1	475578	56618.5	348.3	-0.822045	0.569423	6.12323E-017
489	2	6	2	8	1	476833	58430.6	348.3	-0.822045	0.569423	6.12323E-017
490	2	6	3	1	1	477163	59952.4	-8177.1	-0.983916	-0.17863	6.12323E-017
491	2	6	3	2	1	476680	62609	-8177.1	-0.983916	-0.17863	6.12323E-017
492	2	6	3	3	1	476179	65368.5	-8177.1	-0.983916	-0.17863	6.12323E-017
493	2	6	3	4	1	475697	68025.1	-8177.1	-0.983916	-0.17863	6.12323E-017
494	2	6	3	5	1	477163	59952.4	-5595.1	-0.983916	-0.17863	6.12323E-017
495	2	6	3	6	1	476680	62609	-5595.1	-0.983916	-0.17863	6.12323E-017
496	2	6	3	7	1	476179	65368.5	-5595.1	-0.983916	-0.17863	6.12323E-017
497	2	6	3	8	1	475697	68025.1	-5595.1	-0.983916	-0.17863	6.12323E-017
498	2	6	3	9	1	477163	59952.4	-2623.5	-0.983916	-0.17863	6.12323E-017
499	2	6	3	10	1	476680	62609	-2623.5	-0.983916	-0.17863	6.12323E-017
500	2	6	3	11	1	476180	65367.9	-2622.8	-0.983916	-0.17863	6.12323E-017
501	2	6	3	12	1	475697	68024.5	-2622.8	-0.983916	-0.17863	6.12323E-017
502	2	6	3	13	1	477163	59952.4	348.5	-0.983916	-0.17863	6.12323E-017
503	2	6	3	14	1	476680	62609	348.5	-0.983916	-0.17863	6.12323E-017
504	2	6	3	15	1	476180	65367.9	348.8	-0.983916	-0.17863	6.12323E-017
505	2	6	3	16	1	475697	68024.5	348.8	-0.983916	-0.17863	6.12323E-017
506	2	6	4	1	1	474854	69333.9	-8177.1	-0.569423	-0.822045	6.12323E-017
507	2	6	4	2	1	473042	70589.2	-8177.1	-0.569234	-0.822176	6.12323E-017
508	2	6	4	3	1	474854	69333.9	-5595.1	-0.569423	-0.822045	6.12323E-017
509	2	6	4	4	1	473042	70589.2	-5595.1	-0.569234	-0.822176	6.12323E-017
510	2	6	4	5	1	474854	69333.9	-2623.1	-0.569423	-0.822045	6.12323E-017
511	2	6	4	6	1	473042	70589.2	-2623.1	-0.569234	-0.822176	6.12323E-017
512	2	6	4	7	1	474854	69333.9	348.9	-0.569423	-0.822045	6.12323E-017
513	2	6	4	8	1	473042	70589.2	348.9	-0.569234	-0.822176	6.12323E-017
514	2	6	5	1	1	471520	70918.6	-8177.1	0.17863	-0.983916	6.12323E-017
515	2	6	5	2	1	469351	70524.7	-8177.1	0.17863	-0.983916	6.12323E-017
516	2	6	5	3	1	471520	70918.6	-5595.1	0.17863	-0.983916	6.12323E-017
517	2	6	5	4	1	469351	70524.7	-5595.1	0.17863	-0.983916	6.12323E-017
518	2	6	5	5	1	471520	70918.6	-2623.1	0.17863	-0.983916	6.12323E-017
519	2	6	5	6	1	469351	70524.7	-2623.1	0.17863	-0.983916	6.12323E-017
520	2	6	5	7	1	471520	70918.6	348.9	0.17863	-0.983916	6.12323E-017
521	2	6	5	8	1	469351	70524.7	348.9	0.17863	-0.983916	6.12323E-017
522	2	6	6	1	1	468042	69681.5	-8177.1	0.822045	-0.569423	6.12323E-017
523	2	6	6	2	1	466787	67869.4	-8177.1	0.822176	-0.569234	6.12323E-017
524	2	6	6	3	1	468042	69681.5	-5595.1	0.822045	-0.569423	6.12323E-017
525	2	6	6	4	1	466787	67869.4	-5595.1	0.822176	-0.569234	6.12323E-017
526	2	6	6	5	1	468042	69681.5	-2623.1	0.822045	-0.569423	6.12323E-017
527	2	6	6	6	1	466787	67869.4	-2623.1	0.822176	-0.569234	6.12323E-017
528	2	6	6	7	1	468042	69681.5	358.7	0.822045	-0.569423	6.12323E-017
529	2	6	6	8	1	466787	67869.4	348.9	0.822176	-0.569234	6.12323E-017
530	2	6	7	1	1	466457	66347.6	-8177.1	0.983916	0.17863	6.12323E-017
531	2	6	7	2	1	466940	63691	-8177.1	0.983916	0.17863	6.12323E-017
532	2	6	7	3	1	467441	60931.5	-8177.1	0.983916	0.17863	6.12323E-017
533	2	6	7	4	1	467923	58274.9	-8177.1	0.983916	0.17863	6.12323E-017
534	2	6	7	5	1	466457	66347.6	-5595.1	0.983916	0.17863	6.12323E-017
535	2	6	7	6	1	466940	63691	-5595.1	0.983916	0.17863	6.12323E-017
536	2	6	7	7	1	467441	60931.5	-5595.1	0.983916	0.17863	6.12323E-017
537	2	6	7	8	1	467923	58274.9	-5595.1	0.983916	0.17863	6.12323E-017
538	2	6	7	9	1	466457	66347.6	-2623.5	0.983916	0.17863	6.12323E-017
539	2	6	7	10	1	466940	63691	-2623.5	0.983916	0.17863	6.12323E-017
540	2	6	7	11	1	467440	60932.1	-2622.8	0.983916	0.17863	6.12323E-017
541	2	6	7	12	1	467923	58275.5	-2622.8	0.983916	0.17863	6.12323E-017
542	2	6	7	13	1	466457	66347.6	348.5	0.983916	0.17863	6.12323E-017
543	2	6	7	14	1	466940	63691	348.5	0.983916	0.17863	6.12323E-017
544	2	6	7	15	1	467440	60932.1	348.8	0.983916	0.17863	6.12323E-017
545	2	6	7	16	1	467923	58275.5	348.8	0.983916	0.17863	6.12323E-017
546	2	6	8	1	1	468766	56966	-8177.4	0.569423	0.822045	6.12323E-017
547	2	6	8	2	1	470578	55710.9	-8177.4	0.569423	0.822045	6.12323E-017
548	2	6	8	3	1	468766	56966	-5595.4	0.569423	0.822045	6.12323E-017
549	2	6	8	4	1	470578	55710.9	-5595.4	0.569423	0.822045	6.12323E-017
550	2	6	8	5	1	468766	56966	-2623.4	0.569423	0.822045	6.12323E-017
551	2	6	8	6	1	470578	55710.9	-2623.4	0.569423	0.822045	6.12323E-017
552	2	6	8	7	1	468766	56966	358.4	0.569423	0.822045	6.12323E-017
553	2	6	8	8	1	470578	55710.9	348.6	0.569423	0.822045	6.12323E-017
554	2	6	9	1	1	473133	55976.3	-8339.7	0	0	1
555	2	6	9	2	1	475222	56807.4	-8340.3	0	0	1
556	2	6	9	3	1	476531	58697.9	-8340.3	0	0	1
557	2	6	9	4	1	476581	60916.3	-8339.7	0	0	1
558	2	6	9	5	1	476032	63937.8	-8339.7	0	0	1
559	2	6	9	6	1	475491	66918	-8339.7	0	0	1
560	2	6	9	7	1	474665	68977.4	-8339.7	0	0	1
561	2	6	9	8	1	472774	70287	-8339.7	0	0	1
562	2	6	9	9	1	470487	70323.7	-8339.7	0	0	1
563	2	6	9	10	1	468399	69492.7	-8339.7	0	0	1
564	2	6	9	11	1	467089	67602.1	-8339.7	0	0	1
565	2	6	9	12	1	467039	65383.7	-8339.7	0	0	1
566	2	6	9	13	1	467588	62362.2	-8339.7	0	0	1
567	2	6	9	14	1	468129	59382	-8339.7	0	0	1
568	2	6	9	15	1	468955	57322.7	-8340	0	0	1
569	2	6	9	16	1	470846	56013	-8340	0	0	1
570	2	6	9	17	1	472346	60198.3	-8339.7	0	0	1
571	2	6	9	18	1	473885	62916.9	-8339.7	0	0	1
572	2	6	9	19	1	473671	64097.6	-8339.7	0	0	1
573	2	6	9	20	1	471274	66101.7	-8339.7	0	0	1
574	2	6	9	21	1	469735	63383.1	-8339.7	0	0	1
575	2	6	9	22	1	469949	62202.4	-8339.7	0	0	1
576	2	6	9	23	1	471809	63150	-8339.7	0	0	1
577	4	5	1	1	1	-418426	813556	-4898	0.870785	0.491664	6.12323E-017
578	4	5	1	2	1	-418426	813556	-1926	0.870785	0.491664	6.12323E-017
579	4	5	1	3	1	-418426	813556	1046	0.870785	0.491664	6.12323E-017
580	4	5	1	4	1	-417812	812468	-5045	0.870785	0.491664	6.12323E-017
581	4	5	1	5	1	-417812	812468	-2823	0.870785	0.491664	6.12323E-017
582	4	5	1	6	1	-417812	812468	-601	0.870785	0.491664	6.12323E-017
583	4	5	1	7	1	-417812	812468	2371	0.870785	0.491664	6.12323E-017
584	4	5	1	8	1	-417099	811205	-4898	0.870785	0.491664	6.12323E-017
585	4	5	1	9	1	-417099	811205	-1926	0.870785	0.491664	6.12323E-017
586	4	5	1	10	1	-417099	811205	1046	0.870785	0.491664	6.12323E-017
587	4	5	1	11	1	-416386	809943	-5045	0.870785	0.491664	6.12323E-017
588	4	5	1	12	1	-416386	809943	-2823	0.870785	0.491664	6.12323E-017
589	4	5	1	13	1	-416386	809943	-601	0.870785	0.491664	6.12323E-017
590	4	5	1	14	1	-416386	809943	2371	0.870785	0.491664	6.12323E-017
591	4	5	1	15	1	-415673	808680	-4898	0.870785	0.491664	6.12323E-017
592	4	5	1	16	1	-415673	808680	-1926	0.870785	0.491664	6.12323E-017
593	4	5	1	17	1	-415673	808680	1046	0.870785	0.491664	6.12323E-017
594	4	5	1	18	1	-414960	807417	-5045	0.870785	0.491664	6.12323E-017
595	4	5	1	19	1	-414960	807417	-2823	0.870785	0.491664	6.12323E-017
596	4	5	1	20	1	-414960	807417	-601	0.870785	0.491664	6.12323E-017
597	4	5	1	21	1	-414960	807417	2371	0.870785	0.491664	6.12323E-017
598	4	5	1	22	1	-414345	806329	-4898	0.870785	0.491664	6.12323E-017
599	4	5	1	23	1	-414345	806329	-1926	0.870785	0.491664	6.12323E-017
600	4	5	1	24	1	-414345	806329	1046	0.870785	0.491664	6.12323E-017
601	4	5	2	1	1	-413447	805895	-5045	0.268079	0.963397	6.12323E-017
602	4	5	2	2	1	-413447	805895	-2823	0.268079	0.963397	6.12323E-017
603	4	5	2	3	1	-413447	805895	-601	0.268079	0.963397	6.12323E-017
604	4	5	2	4	1	-413447	805895	2371	0.268079	0.963397	6.12323E-017
605	4	5	2	5	1	-412050	805506	-5045	0.268079	0.963397	6.12323E-017
606	4	5	2	6	1	-412050	805506	-2823	0.268079	0.963397	6.12323E-017
607	4	5	2	7	1	-412050	805506	-601	0.268079	0.963397	6.12323E-017
608	4	5	2	8	1	-412050	805506	2371	0.268079	0.963397	6.12323E-017
609	4	5	3	1	1	-411056	805414	-4898	-0.491664	0.870785	6.12323E-017
610	4	5	3	2	1	-411056	805414	-1926	-0.491664	0.870785	6.12323E-017
611	4	5	3	3	1	-411056	805414	1046	-0.491664	0.870785	6.12323E-017
612	4	5	3	4	1	-409968	806028	-5045	-0.491664	0.870785	6.12323E-017
613	4	5	3	5	1	-409968	806028	-2823	-0.491664	0.870785	6.12323E-017
614	4	5	3	6	1	-409968	806028	-601	-0.491664	0.870785	6.12323E-017
615	4	5	3	7	1	-409968	806028	2371	-0.491664	0.870785	6.12323E-017
616	4	5	3	8	1	-408705	806741	-4898	-0.491664	0.870785	6.12323E-017
617	4	5	3	9	1	-408705	806741	-1926	-0.491664	0.870785	6.12323E-017
618	4	5	3	10	1	-408705	806741	1046	-0.491664	0.870785	6.12323E-017
619	4	5	3	11	1	-407443	807454	-5045	-0.491664	0.870785	6.12323E-017
620	4	5	3	12	1	-407443	807454	-2823	-0.491664	0.870785	6.12323E-017
621	4	5	3	13	1	-407443	807454	-601	-0.491664	0.870785	6.12323E-017
622	4	5	3	14	1	-407443	807454	2371	-0.491664	0.870785	6.12323E-017
623	4	5	3	15	1	-406180	808167	-4898	-0.491664	0.870785	6.12323E-017
624	4	5	3	16	1	-406180	808167	-1926	-0.491664	0.870785	6.12323E-017
625	4	5	3	17	1	-406180	808167	1046	-0.491664	0.870785	6.12323E-017
626	4	5	3	18	1	-404917	808880	-5045	-0.491664	0.870785	6.12323E-017
627	4	5	3	19	1	-404917	808880	-2823	-0.491664	0.870785	6.12323E-017
628	4	5	3	20	1	-404917	808880	-601	-0.491664	0.870785	6.12323E-017
629	4	5	3	21	1	-404917	808880	2371	-0.491664	0.870785	6.12323E-017
630	4	5	3	22	1	-403829	809495	-4898	-0.491664	0.870785	6.12323E-017
631	4	5	3	23	1	-403829	809495	-1926	-0.491664	0.870785	6.12323E-017
632	4	5	3	24	1	-403829	809495	1046	-0.491664	0.870785	6.12323E-017
633	4	5	4	1	1	-403395	810393	-5045	-0.963397	0.268079	6.12323E-017
634	4	5	4	2	1	-403395	810393	-2823	-0.963397	0.268079	6.12323E-017
635	4	5	4	3	1	-403395	810393	-601	-0.963397	0.268079	6.12323E-017
636	4	5	4	4	1	-403395	810393	2371	-0.963397	0.268079	6.12323E-017
637	4	5	4	5	1	-403006	811790	-5045	-0.963397	0.268079	6.12323E-017
638	4	5	4	6	1	-403006	811790	-2823	-0.963397	0.268079	6.12323E-017
639	4	5	4	7	1	-403006	811790	-601	-0.963397	0.268079	6.12323E-017
640	4	5	4	8	1	-403006	811790	2371	-0.963397	0.268079	6.12323E-017
641	4	5	5	1	1	-402914	812784	-4898	-0.870785	-0.491664	6.12323E-017
642	4	5	5	2	1	-402914	812784	-1926	-0.870785	-0.491664	6.12323E-017
643	4	5	5	3	1	-402914	812784	1046	-0.870785	-0.491664	6.12323E-017
644	4	5	5	4	1	-403528	813872	-5045	-0.870785	-0.491664	6.12323E-017
645	4	5	5	5	1	-403528	813872	-2823	-0.870785	-0.491664	6.12323E-017
646	4	5	5	6	1	-403528	813872	-601	-0.870785	-0.491664	6.12323E-017
647	4	5	5	7	1	-403528	813872	2371	-0.870785	-0.491664	6.12323E-017
648	4	5	5	8	1	-404241	815135	-4898	-0.870785	-0.491664	6.12323E-017
649	4	5	5	9	1	-404241	815135	-1926	-0.870785	-0.491664	6.12323E-017
650	4	5	5	10	1	-404241	815135	1046	-0.870785	-0.491664	6.12323E-017
651	4	5	5	11	1	-404954	816397	-5045	-0.870785	-0.491664	6.12323E-017
652	4	5	5	12	1	-404954	816397	-2823	-0.870785	-0.491664	6.12323E-017
653	4	5	5	13	1	-404954	816397	-601	-0.870785	-0.491664	6.12323E-017
654	4	5	5	14	1	-404954	816397	2371	-0.870785	-0.491664	6.12323E-017
655	4	5	5	15	1	-405667	817660	-4898	-0.870785	-0.491664	6.12323E-017
656	4	5	5	16	1	-405667	817660	-1926	-0.870785	-0.491664	6.12323E-017
657	4	5	5	17	1	-405667	817660	1046	-0.870785	-0.491664	6.12323E-017
658	4	5	5	18	1	-406380	818923	-5045	-0.870785	-0.491664	6.12323E-017
659	4	5	5	19	1	-406380	818923	-2823	-0.870785	-0.491664	6.12323E-017
660	4	5	5	20	1	-406380	818923	-601	-0.870785	-0.491664	6.12323E-017
661	4	5	5	21	1	-406380	818923	2371	-0.870785	-0.491664	6.12323E-017
662	4	5	5	22	1	-406995	820011	-4898	-0.870785	-0.491664	6.12323E-017
663	4	5	5	23	1	-406995	820011	-1926	-0.870785	-0.491664	6.12323E-017
664	4	5	5	24	1	-406995	820011	1046	-0.870785	-0.491664	6.12323E-017
665	4	5	6	1	1	-407893	820445	-5045	-0.268079	-0.963397	6.12323E-017
666	4	5	6	2	1	-407893	820445	-2823	-0.268079	-0.963397	6.12323E-017
667	4	5	6	3	1	-407893	820445	-601	-0.268079	-0.963397	6.12323E-017
668	4	5	6	4	1	-407893	820445	2371	-0.268079	-0.963397	6.12323E-017
669	4	5	6	5	1	-409290	820834	-5045	-0.268079	-0.963397	6.12323E-017
670	4	5	6	6	1	-409290	820834	-2823	-0.268079	-0.963397	6.12323E-017
671	4	5	6	7	1	-409290	820834	-601	-0.268079	-0.963397	6.12323E-017
672	4	5	6	8	1	-409290	820834	2371	-0.268079	-0.963397	6.12323E-017
673	4	5	7	1	1	-410284	820926	-4898	0.491664	-0.870785	6.12323E-017
674	4	5	7	2	1	-410284	820926	-1926	0.491664	-0.870785	6.12323E-017
675	4	5	7	3	1	-410284	820926	1046	0.491664	-0.870785	6.12323E-017
676	4	5	7	4	1	-411372	820312	-5045	0.491664	-0.870785	6.12323E-017
677	4	5	7	5	1	-411372	820312	-2823	0.491664	-0.870785	6.12323E-017
678	4	5	7	6	1	-411372	820312	-601	0.491664	-0.870785	6.12323E-017
679	4	5	7	7	1	-411372	820312	2371	0.491664	-0.870785	6.12323E-017
680	4	5	7	8	1	-412635	819599	-4898	0.491664	-0.870785	6.12323E-017
681	4	5	7	9	1	-412635	819599	-1926	0.491664	-0.870785	6.12323E-017
682	4	5	7	10	1	-412635	819599	1046	0.491664	-0.870785	6.12323E-017
683	4	5	7	11	1	-413897	818886	-5045	0.491664	-0.870785	6.12323E-017
684	4	5	7	12	1	-413897	818886	-2823	0.491664	-0.870785	6.12323E-017
685	4	5	7	13	1	-413897	818886	-601	0.491664	-0.870785	6.12323E-017
686	4	5	7	14	1	-413897	818886	2371	0.491664	-0.870785	6.12323E-017
687	4	5	7	15	1	-415160	818173	-4898	0.491664	-0.870785	6.12323E-017
688	4	5	7	16	1	-415160	818173	-1926	0.491664	-0.870785	6.12323E-017
689	4	5	7	17	1	-415160	818173	1046	0.491664	-0.870785	6.12323E-017
690	4	5	7	18	1	-416423	817460	-5045	0.491664	-0.870785	6.12323E-017
691	4	5	7	19	1	-416423	817460	-2823	0.491664	-0.870785	6.12323E-017
692	4	5	7	20	1	-416423	817460	-601	0.491664	-0.870785	6.12323E-017
693	4	5	7	21	1	-416423	817460	2371	0.491664	-0.870785	6.12323E-017
694	4	5	7	22	1	-417511	816845	-4898	0.491664	-0.870785	6.12323E-017
695	4	5	7	23	1	-417511	816845	-1926	0.491664	-0.870785	6.12323E-017
696	4	5	7	24	1	-417511	816845	1046	0.491664	-0.870785	6.12323E-017
697	4	5	8	1	1	-417945	815947	-5045	0.963397	-0.268079	6.12323E-017
698	4	5	8	2	1	-417945	815947	-2823	0.963397	-0.268079	6.12323E-017
699	4	5	8	3	1	-417945	815947	-601	0.963397	-0.268079	6.12323E-017
700	4	5	8	4	1	-417945	815947	2371	0.963397	-0.268079	6.12323E-017
701	4	5	8	5	1	-418334	814550	-5045	0.963397	-0.268079	6.12323E-017
702	4	5	8	6	1	-418334	814550	-2823	0.963397	-0.268079	6.12323E-017
703	4	5	8	7	1	-418334	814550	-601	0.963397	-0.268079	6.12323E-017
704	4	5	8	8	1	-418334	814550	2371	0.963397	-0.268079	6.12323E-017
705	4	5	9	1	1	-409029	809044	-5824	0	0	1
706	4	5	9	2	1	-408169	807520	-5824	0	0	1
707	4	5	9	3	1	-411129	805848	-5824	0	0	1
708	4	5	9	4	1	-412668	805990	-5824	0	0	1
709	4	5	9	5	1	-414059	806663	-5824	0	0	1
710	4	5	9	6	1	-414206	810484	-5824	0	0	1
711	4	5	9	7	1	-415730	809624	-5824	0	0	1
712	4	5	9	8	1	-406544	814811	-5824	0	0	1
713	4	5	9	9	1	-405020	815671	-5824	0	0	1
714	4	5	9	10	1	-403348	812711	-5824	0	0	1
715	4	5	9	11	1	-403490	811172	-5824	0	0	1
716	4	5	9	12	1	-404163	809781	-5824	0	0	1
717	4	5	9	13	1	-407984	809634	-5824	0	0	1
718	4	5	9	14	1	-407124	808110	-5824	0	0	1
719	4	5	9	15	1	-412311	817296	-5824	0	0	1
720	4	5	9	16	1	-413171	818820	-5824	0	0	1
721	4	5	9	17	1	-410211	820492	-5824	0	0	1
722	4	5	9	18	1	-408672	820350	-5824	0	0	1
723	4	5	9	19	1	-407281	819677	-5824	0	0	1
724	4	5	9	20	1	-407134	815856	-5824	0	0	1
725	4	5	9	21	1	-405610	816716	-5824	0	0	1
726	4	5	9	22	1	-414796	811529	-5824	0	0	1
727	4	5	9	23	1	-416320	810669	-5824	0	0	1
728	4	5	9	24	1	-417992	813629	-5824	0	0	1
729	4	5	9	25	1	-417850	815168	-5824	0	0	1
730	4	5	9	26	1	-417177	816559	-5824	0	0	1
731	4	5	9	27	1	-413356	816706	-5824	0	0	1
732	4	5	9	28	1	-414216	818230	-5824	0	0	1
733	4	5	9	29	1	-411192	812875	-5824	0	0	1
734	4	5	9	30	1	-410148	813465	-5824	0	0	1
735	4	5	9	31	1	-410375	812648	-5824	0	0	1
736	4	5	9	32	1	-410965	813692	-5824	0	0	1
737	4	6	1	1	0	-414979	805971	-6297	-0.870785	-0.491664	-6.12323E-017
738	4	6	1	2	0	-414979	805971	-4075	-0.870785	-0.491664	-6.12323E-017
739	4	6	1	3	0	-414979	805971	-1853	-0.870785	-0.491664	-6.12323E-017
740	4	6	1	4	0	-414979	805971	1119	-0.870785	-0.491664	-6.12323E-017
741	4	6	1	5	0	-416307	808322	-6297	-0.870785	-0.491664	-6.12323E-017
742	4	6	1	6	0	-416307	808322	-4075	-0.870785	-0.491664	-6.12323E-017
743	4	6	1	7	0	-416307	808322	-1853	-0.870785	-0.491664	-6.12323E-017
744	4	6	1	8	0	-416307	808322	1119	-0.870785	-0.491664	-6.12323E-017
745	4	6	1	9	0	-417733	810847	-6297	-0.870785	-0.491664	-6.12323E-017
746	4	6	1	10	0	-417733	810847	-4075	-0.870785	-0.491664	-6.12323E-017
747	4	6	1	11	0	-417733	810847	-1853	-0.870785	-0.491664	-6.12323E-017
748	4	6	1	12	0	-417733	810847	1119	-0.870785	-0.491664	-6.12323E-017
749	4	6	1	13	0	-419060	813199	-6297	-0.870785	-0.491664	-6.12323E-017
750	4	6	1	14	0	-419060	813199	-4075	-0.870785	-0.491664	-6.12323E-017
751	4	6	1	15	0	-419060	813199	-1853	-0.870785	-0.491664	-6.12323E-017
752	4	6	1	16	0	-419060	813199	1119	-0.870785	-0.491664	-6.12323E-017
753	4	6	2	1	0	-412245	804806	-6297	-0.268079	-0.963397	6.12323E-017
754	4	6	2	2	0	-412245	804806	-4075	-0.268079	-0.963397	6.12323E-017
755	4	6	2	3	0	-412245	804806	-1853	-0.268079	-0.963397	6.12323E-017
756	4	6	2	4	0	-412245	804806	1119	-0.268079	-0.963397	6.12323E-017
757	4	6	2	5	0	-413642	805195	-6297	-0.268079	-0.963397	6.12323E-017
758	4	6	2	6	0	-413642	805195	-4075	-0.268079	-0.963397	6.12323E-017
759	4	6	2	7	0	-413642	805195	-1853	-0.268079	-0.963397	6.12323E-017
760	4	6	2	8	0	-413642	805195	1119	-0.268079	-0.963397	6.12323E-017
761	4	6	3	1	0	-403471	808861	-6297	0.491664	-0.870785	-6.12323E-017
762	4	6	3	2	0	-403471	808861	-4075	0.491664	-0.870785	-6.12323E-017
763	4	6	3	3	0	-403471	808861	-1853	0.491664	-0.870785	-6.12323E-017
764	4	6	3	4	0	-403471	808861	1119	0.491664	-0.870785	-6.12323E-017
765	4	6	3	5	0	-405822	807533	-6297	0.491664	-0.870785	-6.12323E-017
766	4	6	3	6	0	-405822	807533	-4075	0.491664	-0.870785	-6.12323E-017
767	4	6	3	7	0	-405822	807533	-1853	0.491664	-0.870785	-6.12323E-017
768	4	6	3	8	0	-405822	807533	1119	0.491664	-0.870785	-6.12323E-017
769	4	6	3	9	0	-408347	806107	-6297	0.491664	-0.870785	-6.12323E-017
770	4	6	3	10	0	-408347	806107	-4075	0.491664	-0.870785	-6.12323E-017
771	4	6	3	11	0	-408347	806107	-1853	0.491664	-0.870785	-6.12323E-017
772	4	6	3	12	0	-408347	806107	1119	0.491664	-0.870785	-6.12323E-017
773	4	6	3	13	0	-410699	804780	-6297	0.491664	-0.870785	-6.12323E-017
774	4	6	3	14	0	-410699	804780	-4075	0.491664	-0.870785	-6.12323E-017
775	4	6	3	15	0	-410699	804780	-1853	0.491664	-0.870785	-6.12323E-017
776	4	6	3	16	0	-410699	804780	1119	0.491664	-0.870785	-6.12323E-017
777	4	6	4	1	0	-402306	811595	-6297	0.963397	-0.268079	6.12323E-017
778	4	6	4	2	0	-402306	811595	-4075	0.963397	-0.268079	6.12323E-017
779	4	6	4	3	0	-402306	811595	-1853	0.963397	-0.268079	6.12323E-017
780	4	6	4	4	0	-402306	811595	1119	0.963397	-0.268079	6.12323E-017
781	4	6	4	5	0	-402695	810198	-6297	0.963397	-0.268079	6.12323E-017
782	4	6	4	6	0	-402695	810198	-4075	0.963397	-0.268079	6.12323E-017
783	4	6	4	7	0	-402695	810198	-1853	0.963397	-0.268079	6.12323E-017
784	4	6	4	8	0	-402695	810198	1119	0.963397	-0.268079	6.12323E-017
785	4	6	5	1	0	-406361	820369	-6297	0.870785	0.491664	-6.12323E-017
786	4	6	5	2	0	-406361	820369	-4075	0.870785	0.491664	-6.12323E-017
787	4	6	5	3	0	-406361	820369	-1853	0.870785	0.491664	-6.12323E-017
788	4	6	5	4	0	-406361	820369	1119	0.870785	0.491664	-6.12323E-017
789	4	6	5	5	0	-405033	818018	-6297	0.870785	0.491664	-6.12323E-017
790	4	6	5	6	0	-405033	818018	-4075	0.870785	0.491664	-6.12323E-017
791	4	6	5	7	0	-405033	818018	-1853	0.870785	0.491664	-6.12323E-017
792	4	6	5	8	0	-405033	818018	1119	0.870785	0.491664	-6.12323E-017
793	4	6	5	9	0	-403607	815493	-6297	0.870785	0.491664	-6.12323E-017
794	4	6	5	10	0	-403607	815493	-4075	0.870785	0.491664	-6.12323E-017
795	4	6	5	11	0	-403607	815493	-1853	0.870785	0.491664	-6.12323E-017
796	4	6	5	12	0	-403607	815493	1119	0.870785	0.491664	-6.12323E-017
797	4	6	5	13	0	-402280	813141	-6297	0.870785	0.491664	-6.12323E-017
798	4	6	5	14	0	-402280	813141	-4075	0.870785	0.491664	-6.12323E-017
799	4	6	5	15	0	-402280	813141	-1853	0.870785	0.491664	-6.12323E-017
800	4	6	5	16	0	-402280	813141	1119	0.870785	0.491664	-6.12323E-017
801	4	6	6	1	0	-409095	821534	-6297	0.268079	0.963397	6.12323E-017
802	4	6	6	2	0	-409095	821534	-4075	0.268079	0.963397	6.12323E-017
803	4	6	6	3	0	-409095	821534	-1853	0.268079	0.963397	6.12323E-017
804	4	6	6	4	0	-409095	821534	1119	0.268079	0.963397	6.12323E-017
805	4	6	6	5	0	-407698	821145	-6297	0.268079	0.963397	6.12323E-017
806	4	6	6	6	0	-407698	821145	-4075	0.268079	0.963397	6.12323E-017
807	4	6	6	7	0	-407698	821145	-1853	0.268079	0.963397	6.12323E-017
808	4	6	6	8	0	-407698	821145	1119	0.268079	0.963397	6.12323E-017
809	4	6	7	1	0	-417869	817479	-6297	-0.491664	0.870785	-6.12323E-017
810	4	6	7	2	0	-417869	817479	-4075	-0.491664	0.870785	-6.12323E-017
811	4	6	7	3	0	-417869	817479	-1853	-0.491664	0.870785	-6.12323E-017
812	4	6	7	4	0	-417869	817479	1119	-0.491664	0.870785	-6.12323E-017
813	4	6	7	5	0	-415518	818807	-6297	-0.491664	0.870785	-6.12323E-017
814	4	6	7	6	0	-415518	818807	-4075	-0.491664	0.870785	-6.12323E-017
815	4	6	7	7	0	-415518	818807	-1853	-0.491664	0.870785	-6.12323E-017
816	4	6	7	8	0	-415518	818807	1119	-0.491664	0.870785	-6.12323E-017
817	4	6	7	9	0	-412993	820233	-6297	-0.491664	0.870785	-6.12323E-017
818	4	6	7	10	0	-412993	820233	-4075	-0.491664	0.870785	-6.12323E-017
819	4	6	7	11	0	-412993	820233	-1853	-0.491664	0.870785	-6.12323E-017
820	4	6	7	12	0	-412993	820233	1119	-0.491664	0.870785	-6.12323E-017
821	4	6	7	13	0	-410641	821560	-6297	-0.491664	0.870785	-6.12323E-017
822	4	6	7	14	0	-410641	821560	-4075	-0.491664	0.870785	-6.12323E-017
823	4	6	7	15	0	-410641	821560	-1853	-0.491664	0.870785	-6.12323E-017
824	4	6	7	16	0	-410641	821560	1119	-0.491664	0.870785	-6.12323E-017
825	4	6	8	1	0	-419034	814745	-6297	-0.963397	0.268079	6.12323E-017
826	4	6	8	2	0	-419034	814745	-4075	-0.963397	0.268079	6.12323E-017
827	4	6	8	3	0	-419034	814745	-1853	-0.963397	0.268079	6.12323E-017
828	4	6	8	4	0	-419034	814745	1119	-0.963397	0.268079	6.12323E-017
829	4	6	8	5	0	-418645	816142	-6297	-0.963397	0.268079	6.12323E-017
830	4	6	8	6	0	-418645	816142	-4075	-0.963397	0.268079	6.12323E-017
831	4	6	8	7	0	-418645	816142	-1853	-0.963397	0.268079	6.12323E-017
832	4	6	8	8	0	-418645	816142	1119	-0.963397	0.268079	6.12323E-017
833	4	6	1	1	1	-419300	813063	-6797	0.870785	0.491664	6.12323E-017
834	4	6	1	2	1	-419300	813063	-4200	0.870785	0.491664	6.12323E-017
835	4	6	1	3	1	-419300	813063	-1228	0.870785	0.491664	6.12323E-017
836	4	6	1	4	1	-419300	813063	1744	0.870785	0.491664	6.12323E-017
837	4	6	1	5	1	-417973	810712	-6797	0.870785	0.491664	6.12323E-017
838	4	6	1	6	1	-417973	810712	-4200	0.870785	0.491664	6.12323E-017
839	4	6	1	7	1	-417973	810712	-1228	0.870785	0.491664	6.12323E-017
840	4	6	1	8	1	-417973	810712	1744	0.870785	0.491664	6.12323E-017
841	4	6	1	9	1	-416547	808186	-6797	0.870785	0.491664	6.12323E-017
842	4	6	1	10	1	-416547	808186	-4200	0.870785	0.491664	6.12323E-017
843	4	6	1	11	1	-416547	808186	-1228	0.870785	0.491664	6.12323E-017
844	4	6	1	12	1	-416547	808186	1744	0.870785	0.491664	6.12323E-017
845	4	6	1	13	1	-415220	805835	-6797	0.870785	0.491664	6.12323E-017
846	4	6	1	14	1	-415220	805835	-4200	0.870785	0.491664	6.12323E-017
847	4	6	1	15	1	-415220	805835	-1228	0.870785	0.491664	6.12323E-017
848	4	6	1	16	1	-415220	805835	1744	0.870785	0.491664	6.12323E-017
849	4	6	2	1	1	-414126	805042	-6797	0.268079	0.963397	6.12323E-017
850	4	6	2	2	1	-414126	805042	-4200	0.268079	0.963397	6.12323E-017
851	4	6	2	3	1	-414126	805042	-1228	0.268079	0.963397	6.12323E-017
852	4	6	2	4	1	-414126	805042	1744	0.268079	0.963397	6.12323E-017
853	4	6	2	5	1	-411910	804425	-6797	0.268079	0.963397	6.12323E-017
854	4	6	2	6	1	-411910	804425	-4200	0.268079	0.963397	6.12323E-017
855	4	6	2	7	1	-411910	804425	-1228	0.268079	0.963397	6.12323E-017
856	4	6	2	8	1	-411910	804425	1744	0.268079	0.963397	6.12323E-017
857	4	6	3	1	1	-410563	804540	-6797	-0.491664	0.870785	6.12323E-017
858	4	6	3	2	1	-410563	804540	-4200	-0.491664	0.870785	6.12323E-017
859	4	6	3	3	1	-410563	804540	-1228	-0.491664	0.870785	6.12323E-017
860	4	6	3	4	1	-410563	804540	1744	-0.491664	0.870785	6.12323E-017
861	4	6	3	5	1	-408212	805867	-6797	-0.491664	0.870785	6.12323E-017
862	4	6	3	6	1	-408212	805867	-4200	-0.491664	0.870785	6.12323E-017
863	4	6	3	7	1	-408212	805867	-1228	-0.491664	0.870785	6.12323E-017
864	4	6	3	8	1	-408212	805867	1744	-0.491664	0.870785	6.12323E-017
865	4	6	3	9	1	-405686	807293	-6797	-0.491664	0.870785	6.12323E-017
866	4	6	3	10	1	-405686	807293	-4200	-0.491664	0.870785	6.12323E-017
867	4	6	3	11	1	-405686	807293	-1228	-0.491664	0.870785	6.12323E-017
868	4	6	3	12	1	-405686	807293	1744	-0.491664	0.870785	6.12323E-017
869	4	6	3	13	1	-403335	808620	-6797	-0.491664	0.870785	6.12323E-017
870	4	6	3	14	1	-403335	808620	-4200	-0.491664	0.870785	6.12323E-017
871	4	6	3	15	1	-403335	808620	-1228	-0.491664	0.870785	6.12323E-017
872	4	6	3	16	1	-403335	808620	1744	-0.491664	0.870785	6.12323E-017
873	4	6	4	1	1	-402542	809714	-6797	-0.963397	0.268079	6.12323E-017
874	4	6	4	2	1	-402542	809714	-4200	-0.963397	0.268079	6.12323E-017
875	4	6	4	3	1	-402542	809714	-1228	-0.963397	0.268079	6.12323E-017
876	4	6	4	4	1	-402542	809714	1744	-0.963397	0.268079	6.12323E-017
877	4	6	4	5	1	-401925	811930	-6797	-0.963397	0.268079	6.12323E-017
878	4	6	4	6	1	-401925	811930	-4200	-0.963397	0.268079	6.12323E-017
879	4	6	4	7	1	-401925	811930	-1228	-0.963397	0.268079	6.12323E-017
880	4	6	4	8	1	-401925	811930	1744	-0.963397	0.268079	6.12323E-017
881	4	6	5	1	1	-402040	813277	-6797	-0.870785	-0.491664	6.12323E-017
882	4	6	5	2	1	-402040	813277	-4200	-0.870785	-0.491664	6.12323E-017
883	4	6	5	3	1	-402040	813277	-1228	-0.870785	-0.491664	6.12323E-017
884	4	6	5	4	1	-402040	813277	1744	-0.870785	-0.491664	6.12323E-017
885	4	6	5	5	1	-403367	815628	-6797	-0.870785	-0.491664	6.12323E-017
886	4	6	5	6	1	-403367	815628	-4200	-0.870785	-0.491664	6.12323E-017
887	4	6	5	7	1	-403367	815628	-1228	-0.870785	-0.491664	6.12323E-017
888	4	6	5	8	1	-403367	815628	1744	-0.870785	-0.491664	6.12323E-017
889	4	6	5	9	1	-404793	818154	-6797	-0.870785	-0.491664	6.12323E-017
890	4	6	5	10	1	-404793	818154	-4200	-0.870785	-0.491664	6.12323E-017
891	4	6	5	11	1	-404793	818154	-1228	-0.870785	-0.491664	6.12323E-017
892	4	6	5	12	1	-404793	818154	1744	-0.870785	-0.491664	6.12323E-017
893	4	6	5	13	1	-406120	820505	-6797	-0.870785	-0.491664	6.12323E-017
894	4	6	5	14	1	-406120	820505	-4200	-0.870785	-0.491664	6.12323E-017
895	4	6	5	15	1	-406120	820505	-1228	-0.870785	-0.491664	6.12323E-017
896	4	6	5	16	1	-406120	820505	1744	-0.870785	-0.491664	6.12323E-017
897	4	6	6	1	1	-407214	821298	-6797	-0.268079	-0.963397	6.12323E-017
898	4	6	6	2	1	-407214	821298	-4200	-0.268079	-0.963397	6.12323E-017
899	4	6	6	3	1	-407214	821298	-1228	-0.268079	-0.963397	6.12323E-017
900	4	6	6	4	1	-407214	821298	1744	-0.268079	-0.963397	6.12323E-017
901	4	6	6	5	1	-409430	821915	-6797	-0.268079	-0.963397	6.12323E-017
902	4	6	6	6	1	-409430	821915	-4200	-0.268079	-0.963397	6.12323E-017
903	4	6	6	7	1	-409430	821915	-1228	-0.268079	-0.963397	6.12323E-017
904	4	6	6	8	1	-409430	821915	1744	-0.268079	-0.963397	6.12323E-017
905	4	6	7	1	1	-410777	821800	-6797	0.491664	-0.870785	6.12323E-017
906	4	6	7	2	1	-410777	821800	-4200	0.491664	-0.870785	6.12323E-017
907	4	6	7	3	1	-410777	821800	-1228	0.491664	-0.870785	6.12323E-017
908	4	6	7	4	1	-410777	821800	1744	0.491664	-0.870785	6.12323E-017
909	4	6	7	5	1	-413128	820473	-6797	0.491664	-0.870785	6.12323E-017
910	4	6	7	6	1	-413128	820473	-4200	0.491664	-0.870785	6.12323E-017
911	4	6	7	7	1	-413128	820473	-1228	0.491664	-0.870785	6.12323E-017
912	4	6	7	8	1	-413128	820473	1744	0.491664	-0.870785	6.12323E-017
913	4	6	7	9	1	-415654	819047	-6797	0.491664	-0.870785	6.12323E-017
914	4	6	7	10	1	-415654	819047	-4200	0.491664	-0.870785	6.12323E-017
915	4	6	7	11	1	-415654	819047	-1228	0.491664	-0.870785	6.12323E-017
916	4	6	7	12	1	-415654	819047	1744	0.491664	-0.870785	6.12323E-017
917	4	6	7	13	1	-418005	817720	-6797	0.491664	-0.870785	6.12323E-017
918	4	6	7	14	1	-418005	817720	-4200	0.491664	-0.870785	6.12323E-017
919	4	6	7	15	1	-418005	817720	-1228	0.491664	-0.870785	6.12323E-017
920	4	6	7	16	1	-418005	817720	1744	0.491664	-0.870785	6.12323E-017
921	4	6	8	1	1	-418798	816626	-6797	0.963397	-0.268079	6.12323E-017
922	4	6	8	2	1	-418798	816626	-4200	0.963397	-0.268079	6.12323E-017
923	4	6	8	3	1	-418798	816626	-1228	0.963397	-0.268079	6.12323E-017
924	4	6	8	4	1	-418798	816626	1744	0.963397	-0.268079	6.12323E-017
925	4	6	8	5	1	-419415	814410	-6797	0.963397	-0.268079	6.12323E-017
926	4	6	8	6	1	-419415	814410	-4200	0.963397	-0.268079	6.12323E-017
927	4	6	8	7	1	-419415	814410	-1228	0.963397	-0.268079	6.12323E-017
928	4	6	8	8	1	-419415	814410	1744	0.963397	-0.268079	6.12323E-017
929	4	6	9	1	1	-408734	808521	-6828	0	0	1
930	4	6	9	2	1	-407579	806475	-6828	0	0	1
931	4	6	9	3	1	-410539	804803	-6828	0	0	1
932	4	6	9	4	1	-412945	804995	-6828	0	0	1
933	4	6	9	5	1	-415104	806073	-6828	0	0	1
934	4	6	9	6	1	-416775	809034	-6828	0	0	1
935	4	6	9	7	1	-414729	810189	-6828	0	0	1
936	4	6	9	8	1	-406021	815106	-6828	0	0	1
937	4	6	9	9	1	-403975	816261	-6828	0	0	1
938	4	6	9	10	1	-402303	813301	-6828	0	0	1
939	4	6	9	11	1	-402495	810895	-6828	0	0	1
940	4	6	9	12	1	-403573	808736	-6828	0	0	1
941	4	6	9	13	1	-406534	807065	-6828	0	0	1
942	4	6	9	14	1	-407689	809111	-6828	0	0	1
943	4	6	9	15	1	-412606	817819	-6828	0	0	1
944	4	6	9	16	1	-413761	819865	-6828	0	0	1
945	4	6	9	17	1	-410801	821537	-6828	0	0	1
946	4	6	9	18	1	-408395	821345	-6828	0	0	1
947	4	6	9	19	1	-406236	820267	-6828	0	0	1
948	4	6	9	20	1	-404565	817306	-6828	0	0	1
949	4	6	9	21	1	-406611	816151	-6828	0	0	1
950	4	6	9	22	1	-415319	811234	-6828	0	0	1
951	4	6	9	23	1	-417365	810079	-6828	0	0	1
952	4	6	9	24	1	-419037	813039	-6828	0	0	1
953	4	6	9	25	1	-418845	815445	-6828	0	0	1
954	4	6	9	26	1	-417767	817604	-6828	0	0	1
955	4	6	9	27	1	-414806	819275	-6828	0	0	1
956	4	6	9	28	1	-413651	817229	-6828	0	0	1
957	4	6	9	29	1	-412152	809692	-6828	0	0	1
958	4	6	9	30	1	-414413	813698	-6828	0	0	1
959	4	6	9	31	1	-406927	812642	-6828	0	0	1
960	4	6	9	32	1	-409188	816648	-6828	0	0	1
