id	date_time	DBNS_PTH_H1	DBNS_PTH_H2	DBNS_PTH_H3	DBNS_PTH_P1	DBNS_PTH_P2	DBNS_PTH_P3	DBNS_PTH_T1	DBNS_PTH_T2	DBNS_PTH_T3
322500	2011-12-24 01:05:56	33.24	36.65	39.66	1034.42	27.00	0.00	24.56	22.62	21.14
323000	2011-12-24 09:25:56	28.95	27.07	27.97	1036.16	27.00	0.00	24.32	22.60	21.30
323500	2011-12-24 17:45:31	26.93	25.69	27.23	1033.60	27.00	0.00	24.50	22.24	20.92
324000	2011-12-25 02:05:31	27.07	27.79	29.05	1035.24	27.00	0.00	24.51	21.70	20.60
324500	2011-12-25 10:25:31	26.71	26.22	27.28	1037.87	27.00	0.00	24.45	21.77	20.57
325000	2011-12-25 18:45:31	28.61	31.22	33.33	1034.67	27.00	0.00	24.51	22.16	20.88
325500	2011-12-26 03:05:31	31.35	36.43	38.80	1035.62	27.00	0.00	24.65	22.39	21.01
326000	2011-12-26 11:25:31	29.55	32.93	34.79	1037.11	27.00	0.00	24.65	22.26	21.04
326500	2011-12-26 19:45:31	31.71	38.61	41.55	1035.42	27.00	0.00	24.73	22.37	21.10
327000	2011-12-27 04:05:31	33.90	42.64	47.04	1034.99	27.00	0.00	24.90	22.74	21.18
327500	2011-12-27 12:25:27	34.61	44.40	48.71	1034.43	27.00	0.00	24.98	22.88	21.43
328000	2011-12-27 20:45:27	36.08	47.31	51.89	1034.21	27.00	0.00	25.18	23.16	21.69
328500	2011-12-28 05:05:27	35.04	44.97	49.34	1033.66	27.00	0.00	25.14	22.99	21.38
329000	2011-12-28 13:25:27	37.67	48.43	53.64	1031.84	27.00	0.00	24.97	23.04	21.43
329500	2011-12-28 21:45:27	38.67	50.65	55.85	1032.08	27.00	0.00	25.01	23.07	21.50
330000	2011-12-29 06:05:27	37.77	49.20	54.23	1031.53	27.00	0.00	24.84	22.76	21.23
330500	2011-12-29 14:25:27	38.80	51.76	57.81	1029.29	27.00	0.00	24.93	22.83	21.10
331000	2011-12-29 22:45:21	39.55	50.95	56.56	1032.39	27.00	0.00	24.95	22.99	21.52
331500	2011-12-30 07:05:18	38.53	49.45	54.15	1034.19	27.00	0.00	24.94	22.72	21.32
332000	2011-12-30 18:54:30	38.75	50.06	55.11	1033.66	585.88	0.00	24.84	23.01	21.50
332500	2011-12-31 03:14:30	38.13	48.71	53.43	1034.72	585.88	0.00	24.70	22.74	21.26
333000	2011-12-31 11:34:30	38.16	48.89	53.96	1034.56	585.88	0.00	24.71	22.89	21.25
333500	2011-12-31 19:54:31	38.98	50.09	55.92	1033.52	585.88	0.00	24.76	22.71	20.96
334000	2012-01-01 04:14:31	38.57	49.31	53.80	1033.50	585.88	0.00	24.75	22.63	21.22
334500	2012-01-01 12:34:31	38.26	48.01	52.42	1032.32	585.88	0.00	24.69	22.96	21.64
335000	2012-01-01 20:54:31	38.78	49.60	54.66	1032.98	585.88	0.00	24.75	22.89	21.40
335500	2012-01-02 05:14:31	38.30	48.51	53.29	1032.71	585.88	0.00	24.73	22.68	21.20
336000	2012-01-02 13:34:31	38.22	49.38	53.61	1030.13	585.88	0.00	24.66	22.49	21.26
336500	2012-01-02 21:54:31	38.56	49.22	54.04	1031.35	585.88	0.00	24.61	22.66	21.23
337000	2012-01-03 06:14:31	37.44	46.49	50.84	1031.17	585.88	0.00	24.67	22.79	21.41
337500	2012-01-03 14:35:12	37.88	47.19	51.32	1028.28	585.88	0.00	24.67	22.98	21.67
338000	2012-01-03 22:55:12	38.26	48.06	52.36	1033.26	585.88	0.00	24.70	22.72	21.24
338500	2012-01-04 07:15:12	34.70	40.07	43.96	1035.79	585.88	0.00	24.50	22.49	21.08
339000	2012-01-04 15:35:12	33.71	38.55	41.89	1032.86	585.88	0.00	24.36	22.46	21.10
339500	2012-01-04 23:55:12	34.06	39.71	43.15	1036.25	585.88	0.00	24.31	22.26	20.86
340000	2012-01-05 08:15:13	32.79	37.69	40.45	1035.72	585.88	0.00	24.22	22.09	20.80
340500	2012-01-05 16:35:25	33.98	40.21	43.74	1031.92	585.88	0.00	24.26	22.25	20.86
341000	2012-01-06 00:55:19	35.16	43.26	47.11	1033.43	585.88	0.00	24.28	0.00	20.74
341500	2012-01-06 09:15:16	35.73	44.32	48.38	1035.18	585.88	0.00	24.38	22.22	20.86
342000	2012-01-06 17:35:16	37.04	46.26	50.27	1033.00	585.88	0.00	24.48	22.54	21.17
342500	2012-01-07 01:55:16	36.97	46.03	50.27	1035.37	585.88	0.00	24.48	22.55	21.13
343000	2012-01-07 10:15:16	36.90	47.16	51.28	1038.29	585.88	0.00	24.46	22.41	21.17
343500	2012-01-07 18:35:25	36.78	45.98	49.87	1036.03	585.88	0.00	24.55	22.58	21.30
344000	2012-01-08 02:55:25	37.32	47.82	51.81	1036.60	585.88	0.00	24.52	22.56	21.30
344500	2012-01-08 11:15:25	37.46	48.35	52.61	1037.20	708.16	0.00	24.55	22.68	21.44
345000	2012-01-08 19:35:25	37.21	46.67	51.11	1033.55	708.16	0.00	24.74	22.94	21.52
345500	2012-01-09 03:55:25	37.07	46.91	51.15	1034.04	708.16	0.00	24.73	22.75	21.36
346000	2012-01-09 12:15:25	37.42	47.23	51.01	1033.55	708.16	0.00	24.80	22.74	21.53
346500	2012-01-09 20:35:25	37.28	46.94	51.83	1033.76	708.16	0.00	24.76	22.85	21.23
347000	2012-01-10 04:55:25	36.59	45.98	50.28	1032.95	708.16	0.00	24.75	22.58	21.22
347500	2012-01-10 13:15:25	37.11	46.98	51.13	1032.46	708.16	0.00	24.78	22.84	21.46
348000	2012-01-10 21:35:55	37.48	47.09	51.33	1033.60	708.16	0.00	24.77	22.99	21.50
348500	2012-01-11 05:55:55	37.62	47.53	52.08	1033.39	708.16	0.00	24.74	22.53	21.05
349000	2012-01-11 14:15:55	37.07	47.02	51.20	1033.55	708.16	0.00	24.76	22.90	21.50
349500	2012-01-11 22:35:55	37.76	48.46	53.09	1035.27	708.16	0.00	24.79	22.51	21.06
350000	2012-01-12 10:27:16	37.04	46.50	50.78	1035.56	708.16	0.00	24.76	22.90	21.42
350500	2012-01-12 18:47:05	37.35	47.98	52.65	1032.15	708.16	0.00	24.78	23.02	21.52
351000	2012-01-13 03:07:05	37.96	49.36	53.78	1031.05	708.16	0.00	24.76	22.49	21.08
351500	2012-01-13 12:04:24	37.25	47.91	52.31	1031.34	708.16	0.00	25.17	22.76	21.35
352000	2012-01-13 20:24:24	38.32	49.47	54.52	1029.01	708.16	0.00	24.95	22.63	21.08
352500	2012-01-14 04:44:24	38.53	50.33	55.20	1027.10	708.16	0.00	24.94	22.38	21.04
353000	2012-01-14 13:04:24	39.07	51.19	56.63	1024.81	708.16	0.00	24.97	22.62	21.18
353500	2012-01-14 21:24:24	40.24	53.70	58.64	1024.61	708.16	0.00	25.06	22.75	21.42
354000	2012-01-15 05:44:24	40.52	53.97	59.08	1021.80	708.16	0.00	25.12	22.95	21.50
354500	2012-01-15 14:04:24	39.77	53.02	58.30	1020.70	708.16	0.00	25.11	22.80	21.35
355000	2012-01-15 22:24:24	39.02	51.50	56.98	1023.05	708.16	0.00	25.11	22.82	21.27
355500	2012-01-16 06:44:24	39.43	51.97	57.29	1022.53	708.16	0.00	25.13	22.74	21.32
356000	2012-01-16 15:04:24	38.09	49.80	54.40	1022.00	708.16	0.00	25.04	22.48	21.08
356500	2012-01-16 23:24:35	37.44	46.88	51.59	1024.65	708.16	0.00	25.01	22.83	21.35
357000	2012-01-17 07:44:35	38.33	48.46	52.97	1027.21	708.16	0.00	25.00	22.95	21.51
357500	2012-01-17 16:05:27	37.91	48.82	53.60	1024.29	708.16	0.00	24.98	22.56	21.16
358000	2012-01-18 00:25:27	38.25	48.93	53.97	1026.22	708.16	0.00	24.92	22.67	21.12
358500	2012-01-18 08:45:27	38.39	50.32	55.20	1026.84	708.16	0.00	25.00	22.56	21.10
359000	2012-01-18 17:05:27	39.80	51.73	56.70	1023.11	708.16	0.00	24.83	22.62	21.29
359500	2012-01-19 02:42:52	45.77	55.61	59.64	1024.92	0.00	0.00	25.85	22.44	21.24
360000	2012-01-19 11:02:48	39.92	56.34	60.31	1026.45	0.00	0.00	25.96	22.55	21.31
360500	2012-01-19 19:22:37	40.17	56.53	60.72	1024.81	0.00	0.00	25.36	22.60	21.43
361000	2012-01-20 03:42:33	39.51	54.83	58.85	1026.08	0.00	0.00	25.28	22.40	21.18
361500	2012-01-20 12:02:31	38.14	52.78	56.56	1027.77	0.00	0.00	25.21	22.50	21.32
362000	2012-01-20 20:22:31	38.14	52.30	55.81	1026.62	0.00	0.00	25.18	22.60	21.42
362500	2012-01-21 04:42:31	37.85	51.35	54.88	1025.23	0.00	0.00	24.99	22.62	21.39
363000	2012-01-21 13:48:31	38.91	52.63	56.55	1024.68	0.00	0.00	25.03	22.28	21.09
363500	2012-01-21 22:08:31	39.62	52.26	55.91	1026.04	0.00	0.00	25.04	22.57	21.30
364000	2012-01-22 06:28:31	38.74	50.77	54.47	1027.47	0.00	0.00	25.04	22.59	21.33
364500	2012-01-22 14:48:31	36.53	46.27	49.53	1027.44	0.00	0.00	24.90	22.34	21.13
365000	2012-01-22 23:08:31	36.49	44.06	47.04	1031.65	0.00	0.00	24.82	22.17	20.96
365500	2012-01-23 07:28:31	34.99	41.84	44.50	1031.87	0.00	0.00	24.66	22.10	20.86
366000	2012-01-23 15:48:31	35.75	44.60	47.54	1029.53	0.00	0.00	24.65	22.01	20.85
366500	2012-01-24 00:08:31	36.96	44.91	48.19	1030.68	0.00	0.00	24.71	22.20	20.93
367000	2012-01-24 08:28:33	35.34	44.58	47.96	1030.05	0.00	0.00	24.68	22.14	20.90
367500	2012-01-24 16:48:33	34.44	43.75	46.50	1028.39	0.00	0.00	24.74	22.04	20.78
368000	2012-01-25 01:08:33	33.95	42.03	44.73	1031.41	0.00	0.00	24.70	21.80	20.60
368500	2012-01-25 09:28:33	32.19	39.67	42.34	1033.40	0.00	0.00	24.60	21.60	20.40
369000	2012-01-25 17:48:33	32.76	41.31	44.12	1031.40	0.00	0.00	24.60	21.58	20.44
369500	2012-01-26 02:08:33	34.02	43.42	46.41	1032.55	0.00	0.00	24.64	21.69	20.57
370000	2012-01-26 10:28:33	34.02	43.12	45.89	1033.15	0.00	0.00	24.67	21.71	20.58
370500	2012-01-26 18:48:28	35.34	46.10	49.29	1029.25	0.00	0.00	24.70	21.97	20.72
371000	2012-01-27 03:08:21	37.00	49.31	52.73	1027.84	0.00	0.00	24.78	22.13	20.89
371500	2012-01-27 11:28:19	36.87	49.79	53.54	1028.26	0.00	0.00	24.79	22.11	20.94
372000	2012-01-27 19:48:19	37.46	50.45	54.05	1027.12	0.00	0.00	24.88	22.26	21.04
372500	2012-01-28 04:08:19	37.57	50.19	53.68	1026.68	0.00	0.00	24.92	22.28	21.04
373000	2012-01-28 12:28:19	38.66	52.84	56.59	1027.88	0.00	0.00	24.97	22.45	21.33
373500	2012-01-28 20:48:19	38.98	52.93	56.29	1025.86	0.00	0.00	25.07	22.63	21.34
374000	2012-01-29 05:08:19	38.88	52.86	56.41	1027.84	0.00	0.00	25.06	22.59	21.34
374500	2012-01-29 13:28:19	37.75	50.44	54.19	1029.40	0.00	0.00	25.02	22.41	21.16
375000	2012-01-29 21:48:19	37.51	50.24	53.97	1030.86	0.00	0.00	25.02	22.41	21.12
375500	2012-01-30 06:08:19	37.30	49.44	52.59	1030.78	0.00	0.00	24.98	22.35	21.08
376000	2012-01-30 14:28:19	38.44	49.51	52.50	1029.82	0.00	0.00	24.76	22.40	21.30
376500	2012-01-30 22:48:19	38.09	47.70	50.90	1032.32	0.00	0.00	24.70	22.38	21.16
377000	2012-01-31 07:08:19	37.25	43.24	45.75	1033.50	0.00	0.00	23.15	22.22	20.95
377500	2012-01-31 15:28:19	36.25	43.54	46.23	1029.95	0.00	0.00	24.41	22.28	21.22
378000	2012-01-31 23:48:19	38.32	49.53	52.76	1031.61	0.00	0.00	24.62	22.34	21.16
378500	2012-02-01 08:08:19	38.84	50.07	54.03	1032.76	0.00	0.00	24.64	22.36	21.14
379000	2012-02-01 16:28:19	38.64	49.71	52.84	1028.98	0.00	0.00	24.69	22.50	21.34
379500	2012-02-02 00:48:19	38.63	49.15	52.94	1031.32	0.00	0.00	24.68	22.38	21.12
380000	2012-02-02 09:08:19	38.71	49.95	53.10	1033.93	0.00	0.00	24.69	22.35	21.16
380500	2012-02-02 17:28:18	38.91	50.00	53.70	1031.56	0.00	0.00	24.72	22.50	21.22
381000	2012-02-03 01:48:10	38.84	50.40	54.29	1034.12	0.00	0.00	24.72	22.44	21.17
381500	2012-02-03 10:08:07	38.22	48.68	52.48	1035.83	0.00	0.00	24.62	22.22	20.98
382000	2012-02-03 18:28:07	38.02	48.83	51.66	1031.51	0.00	0.00	24.69	22.38	21.16
382500	2012-02-04 02:48:07	37.74	48.11	51.70	1030.88	0.00	0.00	24.63	22.27	20.99
383000	2012-02-04 11:08:07	38.77	49.43	52.62	1033.12	0.00	0.00	24.62	22.32	21.04
383500	2012-02-04 19:28:07	39.19	50.21	53.76	1029.04	0.00	0.00	24.74	22.42	21.18
384000	2012-02-05 03:48:07	40.50	53.80	57.29	1028.70	0.00	0.00	24.72	22.35	21.13
384500	2012-02-05 12:08:07	40.21	53.03	56.94	1028.47	0.00	0.00	24.80	22.44	21.19
385000	2012-02-05 20:28:07	39.87	51.50	54.96	1025.40	0.00	0.00	24.82	22.54	21.31
385500	2012-02-06 04:48:07	40.82	54.51	58.83	1022.84	0.00	0.00	24.82	22.29	21.11
386000	2012-02-06 17:56:18	46.41	56.78	61.15	1019.59	0.00	0.00	26.25	22.40	21.14
386500	2012-02-07 02:16:18	46.08	60.06	64.55	1021.58	0.00	0.00	26.75	22.58	21.41
387000	2012-02-07 10:36:18	38.01	50.21	53.53	1026.31	0.00	0.00	25.94	22.62	21.34
387500	2012-02-07 18:56:18	35.90	46.83	50.07	1027.48	0.00	0.00	25.49	22.44	21.13
388000	2012-02-08 03:16:19	36.47	47.83	51.83	1031.74	0.00	0.00	25.32	22.41	20.98
388500	2012-02-08 11:36:19	35.73	46.43	49.71	1033.69	0.00	0.00	25.15	22.34	21.03
389000	2012-02-08 19:56:19	35.85	44.73	48.26	1032.31	0.00	0.00	24.94	22.34	20.96
389500	2012-02-09 04:16:19	35.39	44.07	47.33	1031.84	0.00	0.00	24.84	22.28	20.92
390000	2012-02-09 12:36:19	35.79	43.78	46.80	1031.14	0.00	0.00	24.68	22.32	21.09
390500	2012-02-09 20:56:14	36.96	46.67	50.10	1030.12	0.00	0.00	24.65	22.15	20.88
391000	2012-02-10 05:16:08	38.98	50.53	54.68	1029.11	0.00	0.00	24.68	22.40	21.17
391500	2012-02-10 13:36:07	38.87	49.92	53.60	1029.50	0.00	0.00	24.68	22.41	21.14
392000	2012-02-10 22:00:46	39.04	50.68	54.06	1031.30	0.00	0.00	24.65	22.37	21.14
392500	2012-02-11 06:20:46	38.11	48.02	51.85	1032.56	0.00	0.00	24.59	22.27	20.95
393000	2012-02-11 14:40:46	38.65	49.00	52.22	1030.66	0.00	0.00	24.53	22.26	21.11
393500	2012-02-11 23:00:46	37.87	47.35	51.34	1033.55	0.00	0.00	24.50	22.18	20.87
394000	2012-02-12 07:20:46	39.36	50.67	54.40	1032.22	0.00	0.00	24.47	22.27	21.08
394500	2012-02-12 15:40:46	37.96	50.22	53.50	1029.30	0.00	0.00	24.81	22.28	21.15
395000	2012-02-13 00:00:46	38.17	50.67	54.53	1029.56	0.00	0.00	24.84	22.51	21.17
395500	2012-02-13 08:20:46	38.93	52.93	56.32	1030.28	0.00	0.00	24.91	22.61	21.34
396000	2012-02-13 16:40:46	40.64	56.74	60.99	1026.43	0.00	0.00	25.02	22.37	21.25
396500	2012-02-14 01:00:46	39.35	53.90	57.88	1027.88	0.00	0.00	25.02	22.41	21.16
397000	2012-02-14 09:20:46	41.49	59.05	63.55	1027.74	0.00	0.00	25.12	22.51	21.37
397500	2012-02-14 17:40:46	42.27	59.49	64.49	1023.52	0.00	0.00	25.21	22.63	21.36
398000	2012-02-15 02:00:46	42.18	59.80	64.28	1024.12	0.00	0.00	25.24	22.49	21.36
398500	2012-02-15 10:20:46	42.62	61.39	66.10	1025.35	0.00	0.00	25.32	22.68	21.50
399000	2012-02-15 18:40:46	39.78	56.68	60.90	1023.00	0.00	0.00	25.20	22.32	21.08
399500	2012-02-16 03:00:46	38.82	53.62	57.42	1025.99	0.00	0.00	25.16	22.62	21.38
400000	2012-02-16 11:20:46	39.20	55.38	59.99	1028.81	0.00	0.00	25.25	22.54	21.21
400500	2012-02-16 19:40:43	38.82	53.49	57.27	1027.82	0.00	0.00	25.20	22.62	21.35
401000	2012-02-17 04:00:37	37.45	49.85	53.12	1030.06	0.00	0.00	25.09	22.57	21.31
401500	2012-02-17 12:20:35	34.95	45.85	48.86	1032.05	0.00	0.00	24.99	22.33	21.11
402000	2012-02-17 20:40:35	37.23	50.26	53.52	1032.66	0.00	0.00	25.01	22.55	21.29
402500	2012-02-18 05:00:35	33.75	41.74	44.43	1033.55	0.00	0.00	24.81	22.17	20.88
403000	2012-02-18 13:27:50	34.06	42.83	45.68	1032.71	0.00	0.00	24.77	22.15	20.93
403500	2012-02-18 21:48:45	35.98	47.28	50.66	1034.15	0.00	0.00	24.84	22.33	21.02
404000	2012-02-19 06:08:45	34.03	42.13	44.75	1033.96	0.00	0.00	24.76	22.13	20.80
404500	2012-02-19 14:28:45	34.16	43.54	46.12	1030.57	0.00	0.00	24.70	22.28	21.12
405000	2012-02-19 22:48:45	36.14	47.53	50.91	1032.77	0.00	0.00	24.79	22.26	20.98
405500	2012-02-20 07:08:45	35.76	46.54	50.11	1030.58	0.00	0.00	24.79	22.16	20.91
406000	2012-02-20 15:31:45	36.56	49.18	52.32	1027.77	0.00	0.00	24.86	22.34	21.13
406500	2012-02-20 23:51:45	37.09	50.72	54.23	1028.14	0.00	0.00	24.96	22.47	21.24
407000	2012-02-21 08:11:45	37.85	53.06	57.07	1026.09	0.00	0.00	25.05	22.25	21.07
407500	2012-02-21 16:32:45	38.54	54.77	58.87	1023.09	0.00	0.00	25.11	22.36	21.15
408000	2012-02-22 00:52:45	39.15	56.01	60.26	1023.70	0.00	0.00	25.10	22.39	21.18
408500	2012-02-22 09:12:45	40.08	57.17	61.56	1023.49	0.00	0.00	25.20	22.53	21.31
409000	2012-02-22 17:47:59	41.42	57.90	62.17	1019.73	0.00	0.00	25.02	22.56	21.39
409500	2012-02-23 02:07:59	41.69	58.09	62.70	1020.85	0.00	0.00	25.07	22.56	21.38
410000	2012-02-23 10:27:59	42.87	59.97	64.06	1021.53	0.00	0.00	25.15	22.57	21.44
410500	2012-02-23 18:48:17	43.00	59.47	63.80	1018.12	0.00	0.00	25.14	22.65	21.48
411000	2012-02-24 03:08:10	43.91	61.95	66.52	1020.02	0.00	0.00	25.20	22.62	21.42
411500	2012-02-24 11:28:08	41.08	55.90	60.11	1022.91	0.00	0.00	25.09	22.48	21.17
412000	2012-02-24 19:48:08	40.64	55.14	59.14	1020.77	0.00	0.00	25.01	22.38	21.14
412500	2012-02-25 04:08:08	40.98	56.22	60.08	1020.74	0.00	0.00	25.04	22.37	21.18
413000	2012-02-27 02:30:25	36.73	46.93	49.82	1029.46	0.00	0.00	24.77	22.11	20.92
413500	2012-02-28 05:07:53	36.58	46.87	50.45	1024.57	290.73	0.00	24.62	21.90	20.66
414000	2012-03-02 16:27:45	45.14	66.16	71.83	1021.90	290.73	0.00	25.22	22.53	21.16
414500	2012-03-06 03:47:45	45.61	67.26	73.15	1019.48	290.73	0.00	25.29	22.72	21.28
415000	2012-03-09 15:07:36	39.53	51.80	55.52	1024.43	290.73	0.00	24.81	22.64	21.35
415500	2012-03-13 02:27:36	38.58	50.23	54.73	1032.19	290.73	0.00	24.15	22.29	21.04
